7722623890375827950 0625
-8663726492411490556 2506
7722623890375827950 0625
-8663726492411490556 2533
2705259824919555278 1323
572445610021318225 3321
2688414966685844169 1626
7722623890375827950 0625
-8663726492411490556 2533
2705259824919555278 1323
572445610021318225 3321
2688414966685844169 0235
7722623890375827950 0625
7722623890375827950 0625
-8663726492411490556 2533
2705259824919555278 1323
-731371653979422382 1626
7722623890375827950 0625
-8663726492411490556 2533
2705259824919555278 1323
-731371653979422382 2334
7722623890375827950 0625
-8663726492411490556 2533
2705259824919555278 1323
-731371653979422382 2334
-754394161736413094 1222
7722623890375827950 0625
-8663726492411490556 2533
2705259824919555278 1323
-731371653979422382 0122
7722623890375827950 0625
-8663726492411490556 2533
2705259824919555278 1323
-731371653979422382 0246
7722623890375827950 0625
-8663726492411490556 2533
2705259824919555278 1323
-731371653979422382 3321
7722623890375827950 0625
-8663726492411490556 2533
7722623890375827950 0625
-8663726492411490556 2533
2705259824919555278 1323
7722623890375827950 0625
6882977419134041185 1333
-4975243644993569198 0625
-5281193599288438585 1232
-7825310887577716321 1131
-4975243644993569198 1232
499339066848789827 0120
-4975243644993569198 1232
5844497232944065900 0625
-4975243644993569198 0625
-5281193599288438585 1232
-7825310887577716321 1434
-4975243644993569198 1232
-4975243644993569198 0625
-5281193599288438585 1232
-7825310887577716321 1323
-4975243644993569198 0625
-5281193599288438585 1232
-7825310887577716321 1434
4627597033952555357 1323
-7406328770719737450 1626
-4975243644993569198 0625
-5281193599288438585 1232
-4975243644993569198 0625
-5281193599288438585 1232
-7825310887577716321 1424
-4975243644993569198 0625
-5281193599288438585 1232
-7825310887577716321 1424
816472368936036142 2433
-202124156606460005 0523
-4975243644993569198 1232
5844497232944065900 1535
-4975243644993569198 1232
5844497232944065900 1323
-4975243644993569198 1232
5844497232944065900 1434
-4975243644993569198 1232
5844497232944065900 1434
-475462957203307747 1323
-4975243644993569198 1232
5844497232944065900 0625
-7825310887577716321 2544
-4975243644993569198 0625
-5281193599288438585 1232
6363200320975496377 1424
-3936106289152559215 1333
-3936106289152559215 1434
-3936106289152559215 1434
-6504017493659137678 1323
-7665896275092854143 0523
347692022001023167 1636
-3936106289152559215 1333
-8421595085162089702 0625
-7098937365758974153 1232
7722623890375827950 1434
-5628925127678032930 0625
7722623890375827950 1434
-5628925127678032930 0625
6389343165818746175 2544
7722623890375827950 1434
-5628925127678032930 0532
-4975243644993569198 1333
5526147673358609661 3344
8919322681912800745 0625
-8533085373304582980 4454
-4975243644993569198 1333
5526147673358609661 3344
8919322681912800745 0625
-8533085373304582980 4455
-8215175481340640046 1424
-4975243644993569198 1333
5526147673358609661 3344
8919322681912800745 1535
-4975243644993569198 1333
5526147673358609661 3344
8919322681912800745 0625
-8533085373304582980 4455
-8215175481340640046 0246
-4975243644993569198 1333
5526147673358609661 3344
8919322681912800745 0625
-8533085373304582980 0235
-4975243644993569198 0625
-5281193599288438585 1424
6600104148975603846 1232
2292207246433356722 1131
339768530883403839 1524
-5742867935805551317 1333
-4975243644993569198 0625
-5281193599288438585 1424
6600104148975603846 1232
2292207246433356722 1131
-4975243644993569198 0625
-5281193599288438585 1424
6600104148975603846 1232
2292207246433356722 1131
-5261829118074710690 2433
-8323562103265732296 1727
-4975243644993569198 0625
-5281193599288438585 1424
6600104148975603846 0541
-4075112504502732239 4163
-4975243644993569198 0625
-5281193599288438585 1424
6600104148975603846 0541
-4075112504502732239 0314
-4975243644993569198 0625
-5281193599288438585 1424
6600104148975603846 0541
-4075112504502732239 4114
-4975243644993569198 0625
-5281193599288438585 1424
6600104148975603846 0541
-4075112504502732239 1232
-4975243644993569198 0625
-5281193599288438585 1424
6600104148975603846 0541
-4075112504502732239 1030
-4975243644993569198 0625
-5281193599288438585 1434
-6318470787578752245 2546
-6669409645722999354 4634
7463711405684334038 3422
-4975243644993569198 0625
-5281193599288438585 1434
-6318470787578752245 2544
-4975243644993569198 0625
-5281193599288438585 1434
-6318470787578752245 2546
7722623890375827950 1222
-5073007299320887890 1333
7722623890375827950 1222
-5073007299320887890 1333
-2666485548207489435 2233
-8067094521382594811 0625
7722623890375827950 1222
-5073007299320887890 1434
7722623890375827950 1222
-1776939830794399147 1333
7680602944033450948 2232
7722623890375827950 1222
-1776939830794399147 1333
7680602944033450948 0235
1893158560385566759 0321
7722623890375827950 1222
-1776939830794399147 1333
6338222014478824846 3344
2574697472141400256 0625
-5605548673080125254 1625
7722623890375827950 1222
-1776939830794399147 1333
6338222014478824846 3344
2574697472141400256 0235
7722623890375827950 1222
-1776939830794399147 0120
7722623890375827950 1222
-1776939830794399147 1333
6338222014478824846 3344
2574697472141400256 1727
7722623890375827950 1222
7722623890375827950 1222
-1776939830794399147 1333
6338222014478824846 1131
7722623890375827950 1222
-1776939830794399147 1333
6338222014478824846 1626
7722623890375827950 1222
-1776939830794399147 1333
6338222014478824846 3344
2574697472141400256 0113
7722623890375827950 1222
-1776939830794399147 1333
6338222014478824846 3344
2574697472141400256 0113
-3789107491789041434 1325
7722623890375827950 1222
-1776939830794399147 1333
6338222014478824846 3344
2574697472141400256 0113
5545464579255162845 0625
6722754318481271156 1424
167492081344884383 1321
7722623890375827950 1222
-1776939830794399147 1333
6338222014478824846 3344
2574697472141400256 0113
5545464579255162845 0625
-7710672862856251710 1325
7722623890375827950 1222
-1776939830794399147 1333
-3860979220067102232 2233
-5485446530607352702 0625
8456432734571496080 1424
7722623890375827950 1222
-1776939830794399147 1333
-3860979220067102232 2233
-5485446530607352702 0625
8456432734571496080 1626
7722623890375827950 1222
-1776939830794399147 1333
-3860979220067102232 2233
-5485446530607352702 0625
8456432734571496080 1626
-604379798332614075 0516
7722623890375827950 1222
-1776939830794399147 1333
-3860979220067102232 2233
-5485446530607352702 0625
8456432734571496080 0122
7722623890375827950 1222
-1776939830794399147 1333
-3860979220067102232 2233
-5485446530607352702 0625
8456432734571496080 0122
-8032442358598007328 1424
7722623890375827950 1222
-1776939830794399147 1333
-3860979220067102232 2233
-5485446530607352702 0625
8456432734571496080 0122
-8032442358598007328 0330
7722623890375827950 1222
-1776939830794399147 1333
-3860979220067102232 2233
-5485446530607352702 0625
8456432734571496080 0122
8352951660363116544 0246
7722623890375827950 1222
-1776939830794399147 1333
6338222014478824846 3344
2574697472141400256 0625
-5605548673080125254 1425
7722623890375827950 1222
-8115547015245041393 1333
-4877219621903655845 0246
7722623890375827950 1222
-8115547015245041393 1333
-4877219621903655845 0246
3391547161258334062 4655
7722623890375827950 1222
-8115547015245041393 1333
-4877219621903655845 0246
3391547161258334062 4637
-4975243644993569198 0625
-5281193599288438585 1424
-7358784604195157045 1333
852867850067773855 3342
8727936929528764354 0514
-4975243644993569198 0625
-5281193599288438585 1424
-7358784604195157045 1333
852867850067773855 3342
8727936929528764354 0122
2261969587407166293 0541
-4975243644993569198 0625
-5281193599288438585 1424
-7358784604195157045 1333
852867850067773855 1232
-6632848708406988036 0122
7722623890375827950 1434
4346582270929022363 3443
7722623890375827950 1434
4346582270929022363 3443
-9058435622853079453 0122
-5665972571793050793 0625
7722623890375827950 1434
4346582270929022363 3443
-9058435622853079453 0122
-4975243644993569198 1333
-9072954217629990899 0625
7798445654580276606 1424
7722623890375827950 1323
-6213923414637570522 0625
-3919285394891068037 1222
7722623890375827950 1434
4346582270929022363 3443
6978118905879569453 1333
-4975243644993569198 1535
-4230527059212954741 1424
-4975243644993569198 1535
-4230527059212954741 0625
-8433542478636774884 1424
2984491748084669062 0514
-4975243644993569198 1535
-4975243644993569198 1535
-4230527059212954741 0625
-8433542478636774884 1626
-4975243644993569198 1535
-4230527059212954741 0625
-8433542478636774884 1424
2984491748084669062 0541
-4975243644993569198 1535
-4230527059212954741 0625
-8433542478636774884 1424
2984491748084669062 0541
-1963892257640808134 4114
-4975243644993569198 1535
-4230527059212954741 0625
-4975243644993569198 1535
-4686899282796635256 0625
5080878095718513994 1626
-4975243644993569198 1535
2089546261782328830 3544
-4975243644993569198 1535
2089546261782328830 3544
8220752327242321200 0625
1818702978585963961 1222
7722623890375827950 1434
-2795829294759957969 1333
7722623890375827950 1434
-2795829294759957969 1333
-4986736056728727684 0523
7722623890375827950 1434
-2795829294759957969 1333
-4975243644993569198 1424
3415022750629880479 1121
-2400038797938783238 1424
3415022750629880479 1121
-7393669041016535468 0211
803811732027778946 0122
-2400038797938783238 1626
-2358296409169530902 1434
-2400038797938783238 1424
-2400038797938783238 1424
-8734522033963852917 1333
-2006843010764804068 0625
2376364516181301790 0523
-2400038797938783238 1424
-8734522033963852917 1333
-2006843010764804068 0625
2376364516181301790 3342
-2400038797938783238 1424
-8734522033963852917 1333
-2006843010764804068 0625
2376364516181301790 1222
-2400038797938783238 1424
-8734522033963852917 1333
-2400038797938783238 1424
-8734522033963852917 1333
-2006843010764804068 1222
-2400038797938783238 1535
-2400038797938783238 0625
-5287048947851404242 1333
2105517322909197307 2533
6008740674274539583 1626
6648602922844347768 3352
-2400038797938783238 0625
-5287048947851404242 1333
2105517322909197307 2533
6008740674274539583 1626
6648602922844347768 3321
-2400038797938783238 0625
-5287048947851404242 1424
-9067770899303955944 0122
-2400038797938783238 0625
-5287048947851404242 1424
-9067770899303955944 1232
-2400038797938783238 0625
-5287048947851404242 1424
-9067770899303955944 1232
5178951797363099232 2506
-2400038797938783238 0625
-5287048947851404242 1424
-2400038797938783238 0625
-9126303458113339811 1626
-2400038797938783238 0625
-9126303458113339811 1626
6653408698659986963 1121
4629385797485434900 0211
-2400038797938783238 0625
-2400038797938783238 0625
-5287048947851404242 1424
3762860642856692724 0541
-2400038797938783238 0625
-9126303458113339811 1323
-2400038797938783238 0625
-9126303458113339811 1424
-6934849573287165097 1121
-1261014266742824622 0211
-2400038797938783238 0625
-9126303458113339811 1121
-2400038797938783238 0625
-5287048947851404242 1424
3762860642856692724 1121
-2400038797938783238 0625
-9126303458113339811 1424
-6934849573287165097 1020
-8931594935526353053 1131
-2400038797938783238 0625
-9126303458113339811 1424
-6934849573287165097 1020
-2400038797938783238 0625
-9126303458113339811 1333
5312292101282118563 2533
-2400038797938783238 0625
-9126303458113339811 1333
-2400038797938783238 0625
-9126303458113339811 1626
6653408698659986963 1222
-2400038797938783238 0122
-2400038797938783238 1333
-2400038797938783238 1222
-2400038797938783238 1434
6364560190473190269 1737
-2400038797938783238 1424
3415022750629880479 1121
-2400038797938783238 0625
-5287048947851404242 1333
-2400038797938783238 1626
-2400038797938783238 1434
5339123520051256168 0625
-5662683302408442563 3444
-9104924034020288811 1131
-2400038797938783238 1434
5339123520051256168 0122
-3515334567922045862 1626
3872278335747760202 0516
2367000536916372859 1323
-2351909301576854181 0224
-2400038797938783238 1434
5339123520051256168 0122
-3515334567922045862 1626
3872278335747760202 0516
-1715483648290542398 1323
-2400038797938783238 1434
5339123520051256168 0122
2895503466430383951 0625
4290889840323787269 3443
-7308820193250259970 0541
-3519064038539543648 1727
7388998461253230830 4152
-2934179919617412071 2234
-2400038797938783238 1434
5339123520051256168 0122
2895503466430383951 0625
4290889840323787269 3444
-2400038797938783238 1434
5339123520051256168 0122
2895503466430383951 0625
-2400038797938783238 1434
5339123520051256168 0122
2895503466430383951 0625
-4241070291390670334 0541
3917166289111348519 4152
-2400038797938783238 1434
-2400038797938783238 1434
5339123520051256168 0541
-2400038797938783238 1434
5528252090634982459 3444
-2400038797938783238 1434
5339123520051256168 0122
-2400038797938783238 1434
5339123520051256168 0122
-3515334567922045862 1626
3872278335747760202 0516
-2400038797938783238 1434
5339123520051256168 1323
5864834379381187268 0224
5419331716119781778 0122
-2400038797938783238 1434
5339123520051256168 0625
213685161943761369 1626
-2400038797938783238 1434
5339123520051256168 0625
-2400038797938783238 1434
5339123520051256168 0625
213685161943761369 1222
-2400038797938783238 1434
5339123520051256168 0625
213685161943761369 1333
-2400038797938783238 1434
5339123520051256168 0625
213685161943761369 0541
-2400038797938783238 1232
-114762667948271352 0625
6085492271580494625 3243
-4918137293825900747 1424
-4704989616365496751 0122
-4652026884355688109 0321
-2400038797938783238 1232
-114762667948271352 0625
6085492271580494625 3243
-4918137293825900747 1424
-2400038797938783238 1232
-114762667948271352 0625
6085492271580494625 3243
-4918137293825900747 1424
-4704989616365496751 0122
-2400038797938783238 1232
6298351570274673685 0122
-3001101065434199447 1626
-6063586825829974561 0516
-9156714149252545203 1434
-2400038797938783238 1232
6298351570274673685 0122
-3001101065434199447 1626
-6063586825829974561 0516
-5221473265713306534 1434
-2400038797938783238 1232
6298351570274673685 0122
7808094351902598494 0625
-2400038797938783238 1232
6298351570274673685 0122
-3001101065434199447 1626
-6063586825829974561 0516
-5221473265713306534 0625
-2400038797938783238 1232
-2400038797938783238 1232
6298351570274673685 0625
-514917363240357613 1333
5797383130842295987 2533
6770099527683685039 3312
-2400038797938783238 1232
6298351570274673685 0122
-3001101065434199447 1626
-6063586825829974561 0516
-2400038797938783238 1232
6298351570274673685 0625
3322060943151062732 1333
2509698497082191851 2533
-2400038797938783238 1232
6298351570274673685 0122
-4975243644993569198 1434
-4569365935710597561 0122
-2002167963609775986 0314
-4975243644993569198 1434
7722623890375827950 1434
-2795829294759957969 0122
1907695920950329074 0625
-415080655883425363 0541
7722623890375827950 1434
-2795829294759957969 0122
1907695920950329074 0625
7722623890375827950 1434
-2795829294759957969 0122
-4899718991765523829 0532
3367156359797367071 0625
7722623890375827950 1434
-2795829294759957969 0122
1907695920950329074 0625
-833423510300154113 3443
7722623890375827950 1434
-2795829294759957969 0122
1907695920950329074 0625
-833423510300154113 0541
-5702890015549757743 0314
7722623890375827950 1434
-2795829294759957969 0122
1907695920950329074 0625
-415080655883425363 0532
7722623890375827950 1434
-2795829294759957969 0122
1907695920950329074 0625
-415080655883425363 2243
7722623890375827950 1424
-435020662991013163 1333
7565008968531754558 1232
5347154972517354381 0122
7722623890375827950 1424
-435020662991013163 1333
7565008968531754558 1232
5347154972517354381 0122
-8655554453712246422 0213
7722623890375827950 1424
-435020662991013163 1333
7565008968531754558 0213
7722623890375827950 1424
-435020662991013163 1333
7565008968531754558 1232
5347154972517354381 0122
-8655554453712246422 0321
-2327942426653454327 0627
7722623890375827950 1424
-435020662991013163 1333
7565008968531754558 1232
5347154972517354381 0321
3616957509349967524 0213
7722623890375827950 1424
-435020662991013163 1333
7045152247465159445 0625
-7676243237424096492 0514
-7416143486710144803 2513
7728775356286344579 1436
8267771354116594913 0336
7722623890375827950 1424
-435020662991013163 1333
7045152247465159445 0625
-7676243237424096492 0514
-7416143486710144803 2513
7728775356286344579 1232
7722623890375827950 1424
-435020662991013163 1333
7045152247465159445 0625
-7676243237424096492 0514
-7416143486710144803 2513
7728775356286344579 1020
7722623890375827950 1424
-435020662991013163 1333
7045152247465159445 0625
-7676243237424096492 3344
7722623890375827950 1424
-435020662991013163 1333
7045152247465159445 0625
-7676243237424096492 3344
1135246549935435994 0514
-8343200529744054995 1625
7722623890375827950 1424
-435020662991013163 1333
7045152247465159445 0625
-7676243237424096492 0514
-7416143486710144803 2513
9082399255360903551 0314
7722623890375827950 1424
-435020662991013163 1333
7045152247465159445 0625
-7676243237424096492 0514
7722623890375827950 1424
-435020662991013163 1333
7045152247465159445 0625
-7676243237424096492 0514
-7416143486710144803 2544
7722623890375827950 1424
7722623890375827950 1424
-435020662991013163 1333
7045152247465159445 0625
-7676243237424096492 0541
7722623890375827950 1424
-435020662991013163 1333
7045152247465159445 0625
-7676243237424096492 0541
5069967279725312359 1727
-4136484784933687408 4152
7722623890375827950 1424
-435020662991013163 1333
7045152247465159445 0625
-7676243237424096492 0541
5069967279725312359 1727
-4136484784933687408 4152
7095567239876763532 2544
4712245712174369565 1626
7722623890375827950 1424
-435020662991013163 0625
7722623890375827950 1424
-435020662991013163 1333
7045152247465159445 3344
7722623890375827950 1424
-435020662991013163 1333
7045152247465159445 3344
3607690167108911883 0113
7722623890375827950 1424
-435020662991013163 1333
7045152247465159445 3344
3607690167108911883 0213
4887402547387471710 1322
7722623890375827950 1424
-435020662991013163 1333
7045152247465159445 3344
3607690167108911883 0333
7722623890375827950 1424
-435020662991013163 1333
-5685092419422306430 0625
-3305676099369653482 2513
-7039604210399170130 1232
-6063386878048088042 1121
7722623890375827950 1424
-435020662991013163 1333
-5685092419422306430 1232
-6395928363951442046 0333
7722623890375827950 1424
-435020662991013163 1333
-5685092419422306430 0625
7722623890375827950 1424
-435020662991013163 1333
-5685092419422306430 0625
-3305676099369653482 2513
-7039604210399170130 1232
-6063386878048088042 0122
7722623890375827950 1424
-435020662991013163 1333
-5685092419422306430 0122
7722623890375827950 1424
-435020662991013163 1333
-5685092419422306430 0122
3186120263324830631 0625
7722623890375827950 1424
-435020662991013163 1333
-5685092419422306430 1535
7722623890375827950 1424
-435020662991013163 1333
-5685092419422306430 0625
-3305676099369653482 2513
-7039604210399170130 1232
-6063386878048088042 0122
4787455695430645684 3243
4560754155452106712 1321
7722623890375827950 1424
-435020662991013163 1333
-5685092419422306430 1020
7722623890375827950 1424
-435020662991013163 1333
-5685092419422306430 0514
7722623890375827950 1424
-435020662991013163 1333
-5685092419422306430 1232
7722623890375827950 1424
-435020662991013163 1333
-5685092419422306430 1232
-6395928363951442046 2433
-5893049026680895171 3242
7722623890375827950 1424
-435020662991013163 1333
-5685092419422306430 1232
-6395928363951442046 2433
-5893049026680895171 0122
7722623890375827950 1424
-435020662991013163 1333
7045152247465159445 0541
7722623890375827950 1424
-435020662991013163 1333
7045152247465159445 0541
6510209711308018462 1232
7722623890375827950 1424
-435020662991013163 1333
7045152247465159445 0541
6510209711308018462 1232
4321325145055899233 4152
-8337651294883130989 0614
7722623890375827950 1424
-435020662991013163 1333
7045152247465159445 0541
-8772774276056000617 3344
5103349245036620111 4152
7722623890375827950 1424
-435020662991013163 1333
7045152247465159445 0541
-8772774276056000617 3344
5103349245036620111 4152
-3248544143526800429 0122
7722623890375827950 1424
-435020662991013163 1333
7045152247465159445 0541
6510209711308018462 1232
4321325145055899233 4152
-8337651294883130989 0312
7722623890375827950 1424
-435020662991013163 1333
7045152247465159445 0541
-5850088168895011678 3344
-4784318565150275482 0343
7722623890375827950 1424
-435020662991013163 1333
7045152247465159445 0541
6510209711308018462 1232
4321325145055899233 3243
389639225513909341 4352
7722623890375827950 1424
-435020662991013163 1333
7045152247465159445 0541
6510209711308018462 0313
7722623890375827950 1424
-435020662991013163 1333
7045152247465159445 0541
6510209711308018462 1232
4321325145055899233 4130
-6984494343256363505 3243
7722623890375827950 1424
-435020662991013163 1333
7045152247465159445 0541
6510209711308018462 1232
4321325145055899233 4130
-4326040979804613837 1333
5979561966444134880 1222
-4326040979804613837 1333
-1116262083830429259 1434
7411924020859606186 1222
-4975243644993569198 0625
-5281193599288438585 1626
-2089196326869507115 1333
-6227600578165628496 2533
-4975243644993569198 0625
-5281193599288438585 1626
-2089196326869507115 1333
-4975243644993569198 0625
-5281193599288438585 1626
-2089196326869507115 1333
587802021764415690 0516
7722623890375827950 1434
-2795829294759957969 0314
-4975243644993569198 1424
-5528141422360195151 1333
-4519906353702342981 1424
-5528141422360195151 1535
-5528141422360195151 0625
-5528141422360195151 1333
-4519906353702342981 1232
-5528141422360195151 1232
-5528141422360195151 1333
-4519906353702342981 1222
-5528141422360195151 1626
-4975243644993569198 0625
1917916008359962548 1121
7299513148645764307 0211
2448872957800983890 1232
-4975243644993569198 0625
-5281193599288438585 1434
-4975243644993569198 0625
1917916008359962548 1626
320129801809159485 0516
6479397266355860365 1323
-4975243644993569198 0625
1917916008359962548 1222
-4975243644993569198 0625
-5281193599288438585 1424
6600104148975603846 1020
-4975243644993569198 0625
-4975243644993569198 0625
-5281193599288438585 1626
-4975243644993569198 0625
1917916008359962548 1131
-4975243644993569198 0625
1917916008359962548 1232
-8316380853211363155 1131
-4975243644993569198 0625
1917916008359962548 1626
-4975243644993569198 0625
1917916008359962548 1121
-4975243644993569198 0625
-5281193599288438585 1424
-4975243644993569198 0625
3538460990168504589 1232
-4975243644993569198 0625
-5281193599288438585 1121
-4975243644993569198 0625
1917916008359962548 1232
-4975243644993569198 0625
1917916008359962548 1323
7722623890375827950 1434
-2795829294759957969 0122
-4899718991765523829 1727
7722623890375827950 1434
-2795829294759957969 0122
-4899718991765523829 0532
8769942182672354790 0625
7722623890375827950 1434
-2795829294759957969 0122
-4899718991765523829 0532
8769942182672354790 0314
-51604220190050076 3221
7722623890375827950 1434
-2795829294759957969 0122
-4899718991765523829 0532
8769942182672354790 0314
7722623890375827950 1434
-2795829294759957969 0122
-4899718991765523829 0532
8769942182672354790 1323
8513610040699441524 3443
5032609484073081584 3221
7722623890375827950 1434
-2795829294759957969 0122
-4899718991765523829 0532
8769942182672354790 0625
1236954141132835135 3443
-5652124301593990778 1333
7722623890375827950 1434
-2795829294759957969 0122
-4899718991765523829 0532
8769942182672354790 0625
1236954141132835135 3443
-5652124301593990778 1333
-2119276110920709848 2544
5355683602214007766 3241
7722623890375827950 1434
-2795829294759957969 0122
-4899718991765523829 0532
8252918737836491576 3241
-8982027972502463702 4114
7722623890375827950 1434
-2795829294759957969 0122
-4899718991765523829 0532
8252918737836491576 3241
-8982027972502463702 4114
-4057657299475569737 2230
7722623890375827950 1434
-2795829294759957969 0122
-4899718991765523829 0532
8252918737836491576 3221
7722623890375827950 1434
-2795829294759957969 0122
-4899718991765523829 0532
8252918737836491576 3241
-8982027972502463702 4132
7722623890375827950 1434
-2795829294759957969 0122
-4899718991765523829 0532
8252918737836491576 3241
-8982027972502463702 4130
7722623890375827950 1434
-2795829294759957969 0122
-4899718991765523829 0532
8252918737836491576 3241
-8982027972502463702 4130
-2065854430114748873 3443
7722623890375827950 1434
-2795829294759957969 0122
-4899718991765523829 0532
8252918737836491576 3241
-8982027972502463702 4123
7722623890375827950 1434
-2795829294759957969 0122
-4899718991765523829 0532
-4191850959420500242 0625
7722623890375827950 1434
-2795829294759957969 0122
-4899718991765523829 0514
7722623890375827950 1434
-2795829294759957969 0122
-4899718991765523829 0514
3805257587068825472 3443
-7387201857404623755 0625
-3254373111277612653 2544
7722623890375827950 1434
-2795829294759957969 0122
-4899718991765523829 0532
7722623890375827950 1434
-2795829294759957969 0122
-4899718991765523829 2243
7722623890375827950 1434
-2795829294759957969 0122
-4899718991765523829 0625
7722623890375827950 1434
-2795829294759957969 0122
-4899718991765523829 0625
-315818284929601461 1333
5485389585832865164 2243
7722623890375827950 1434
-2795829294759957969 0122
-4899718991765523829 0625
-315818284929601461 1333
7722623890375827950 1434
-2795829294759957969 0122
-4899718991765523829 0625
-315818284929601461 1333
5485389585832865164 2230
-3310286758794016396 1222
7656553579785060707 1122
4064877055037027433 1727
7722623890375827950 1434
-2795829294759957969 0122
-4899718991765523829 0625
-315818284929601461 1333
5485389585832865164 1131
-4975243644993569198 1424
3415022750629880479 0541
7722623890375827950 1434
7722623890375827950 1323
-6213923414637570522 1434
7722623890375827950 1434
-24801424506130866 3445
6028720177658301408 1333
8596438745923200625 0625
7722623890375827950 1434
-24801424506130866 3445
6028720177658301408 1727
7722623890375827950 1434
-24801424506130866 3445
8514689650444804672 1333
582641853200767853 0625
7722623890375827950 1434
-24801424506130866 3445
8514689650444804672 0625
-381204619536851884 1222
7722623890375827950 1434
-24801424506130866 3445
8514689650444804672 0347
3328623361678629181 1323
7722623890375827950 1434
-24801424506130866 3445
6028720177658301408 0614
7722623890375827950 1434
-24801424506130866 3445
6028720177658301408 0514
7722623890375827950 1434
-24801424506130866 3445
6028720177658301408 0514
1195839586311229868 0625
7722623890375827950 1434
-24801424506130866 3445
6028720177658301408 1323
7722623890375827950 1434
-24801424506130866 3445
6028720177658301408 1636
-8350682999814415188 0516
4232670411457680649 1727
2882957424817866376 1323
7722623890375827950 1434
-24801424506130866 3445
6028720177658301408 1636
-2955213473271782938 3646
5903723824152157412 1323
7722623890375827950 1434
-24801424506130866 3445
6028720177658301408 0122
7722623890375827950 1434
-24801424506130866 3445
6028720177658301408 1333
7722623890375827950 1434
-24801424506130866 3445
6028720177658301408 0625
7722623890375827950 1434
-24801424506130866 3445
6028720177658301408 1636
-8350682999814415188 0516
7722623890375827950 1434
-24801424506130866 0532
7722623890375827950 1434
-24801424506130866 0347
5947448004883452889 4714
7722623890375827950 1434
-24801424506130866 0122
6688503646287361038 1535
7722623890375827950 1434
-24801424506130866 0625
7722623890375827950 1434
-24801424506130866 0122
7722623890375827950 1434
-24801424506130866 1333
7395624528662962278 3445
7722623890375827950 1434
-24801424506130866 1333
7395624528662962278 1222
7722623890375827950 1434
-24801424506130866 1333
-5777558860987621280 1333
-1770516968931279803 1626
-5777558860987621280 1333
-1770516968931279803 0246
-7196203032770450766 0113
-5777558860987621280 1333
-1770516968931279803 1232
-5777558860987621280 0625
-5870006697209935692 1131
-5777558860987621280 0625
-5870006697209935692 1626
-4975243644993569198 0625
-5281193599288438585 1626
-1456281276457595327 0516
-9146387917125550424 1232
2246103768188057860 0330
-4975243644993569198 0625
-5281193599288438585 1626
-2089196326869507115 0516
-378348989191968108 1323
7722623890375827950 1434
-2795829294759957969 0122
7722623890375827950 1434
-2795829294759957969 1535
-5279922459324863877 0122
7722623890375827950 1434
-2795829294759957969 1535
7722623890375827950 1323
-6213923414637570522 0625
-3919285394891068037 0113
-6689593394810242848 1434
-4975243644993569198 0625
-5281193599288438585 0122
4144556634353849420 1434
-4975243644993569198 0122
-4975243644993569198 0122
-3159782470911513723 1434
-7910738046734175394 2214
-4975243644993569198 1626
786550815885376527 0516
4966431541906284021 1323
-164346323639194530 0122
-4975243644993569198 1626
786550815885376527 0516
4966431541906284021 1323
-164346323639194530 1535
-4975243644993569198 1626
786550815885376527 0516
4966431541906284021 1232
21102625926371799 1652
1700925009898245101 1535
-4975243644993569198 1626
786550815885376527 0516
4966431541906284021 1323
7722623890375827950 1626
3096044977269400756 0516
6814335302227720235 1222
-6017515450202024603 1333
-2031288211125006783 1737
7722623890375827950 1626
3096044977269400756 0516
8779468167463086597 1232
-1451587110509873293 0321
7722623890375827950 1626
7722623890375827950 1626
3096044977269400756 0516
6814335302227720235 1333
7722623890375827950 1626
3096044977269400756 0516
6814335302227720235 1232
7722623890375827950 1626
3096044977269400756 0625
-4975243644993569198 1626
7722623890375827950 1626
3096044977269400756 0516
8779468167463086597 1323
-4003600833901130099 0246
7722623890375827950 1626
3096044977269400756 0516
4933620847080743251 1232
-1451587110509873293 0330
7722623890375827950 1626
3096044977269400756 0516
6814335302227720235 1323
7722623890375827950 1626
3096044977269400756 0516
6814335302227720235 1323
8072309451431807892 1222
-4975243644993569198 0625
-5281193599288438585 1626
-4905768432010788808 1333
-9038198094224097191 0516
8957289707630082786 2533
-4975243644993569198 0625
-5281193599288438585 1626
-2394599288527186513 1333
-4975243644993569198 0625
-5281193599288438585 1626
-1456281276457595327 1333
-4975243644993569198 0625
-5281193599288438585 1424
-5433525686511002733 0541
6698728556681579463 1232
-4975243644993569198 0625
-5281193599288438585 1424
-5433525686511002733 0541
6698728556681579463 0122
-3677733792743405383 1323
-4975243644993569198 0625
-5281193599288438585 1424
-5433525686511002733 0541
6698728556681579463 1333
-4975243644993569198 0625
-5281193599288438585 1424
-5433525686511002733 0541
6698728556681579463 1333
-7616467551272655668 0333
-4975243644993569198 0625
-5281193599288438585 1424
-5433525686511002733 0541
6698728556681579463 0122
-4975243644993569198 0625
-5281193599288438585 1424
-5433525686511002733 0541
-4975243644993569198 0625
-5281193599288438585 1424
-5433525686511002733 0541
5500035611147825520 1232
-4975243644993569198 0625
-5281193599288438585 1424
-5433525686511002733 0541
5500035611147825520 1232
7051828519446696940 0122
2033879480006950973 4152
-1864608951897192658 1323
-4975243644993569198 0625
-5281193599288438585 1424
-5433525686511002733 0541
6220597824597181886 1727
8089620945696748654 1232
-6655078393908886576 1131
-4975243644993569198 0625
-5281193599288438585 1424
-5433525686511002733 0541
6220597824597181886 1727
8089620945696748654 1232
-6655078393908886576 1323
-4975243644993569198 0625
-5281193599288438585 1424
-5433525686511002733 0541
5500035611147825520 1121
-4478092134882237616 0220
-4975243644993569198 0625
-5281193599288438585 1424
-5433525686511002733 0541
5500035611147825520 0122
-4975243644993569198 0625
-5281193599288438585 1424
-5433525686511002733 0541
5500035611147825520 1232
1663863432154811504 3243
5800617176858536260 1333
-4975243644993569198 0625
-5281193599288438585 1424
-5433525686511002733 0541
4677293043092324733 1333
-4975243644993569198 0625
-5281193599288438585 1424
-5433525686511002733 0541
-3400541282489772238 4152
7245654014389748066 1232
5160460262032860185 1121
-4975243644993569198 0625
-5281193599288438585 1424
-5433525686511002733 0541
6501175614341720650 1232
-6101945785558915897 0122
3719961707709281817 2544
-8271445299668616331 4463
-4975243644993569198 0625
-5281193599288438585 1424
-5433525686511002733 0541
6501175614341720650 1232
-6101945785558915897 0122
-4975243644993569198 0625
-5281193599288438585 1424
-5433525686511002733 0541
5500035611147825520 1121
-4975243644993569198 0625
-5281193599288438585 1424
-5433525686511002733 0541
4677293043092324733 1121
-4078574089040765909 1333
-4078574089040765909 1535
-4078574089040765909 1232
-4078574089040765909 0625
-4078574089040765909 1434
-4078574089040765909 1121
7722623890375827950 0122
-7992699875216469826 1424
7722623890375827950 0122
2818771745990843339 1424
7722623890375827950 0122
7722623890375827950 0122
-850288309527489494 1434
5770556964335855505 2234
-8647205152926654160 3426
7722623890375827950 0122
-850288309527489494 1323
7722623890375827950 0122
-850288309527489494 1333
-3097464362941766551 1434
7722623890375827950 0122
-850288309527489494 1333
-3097464362941766551 3344
3503075130004837912 2234
7722623890375827950 0122
-850288309527489494 1333
-3097464362941766551 0625
7722623890375827950 0122
-850288309527489494 1333
3025476744055321491 0333
7722623890375827950 0122
-7992699875216469826 1323
-4975243644993569198 0625
-5281193599288438585 1323
-4975243644993569198 0625
-5281193599288438585 1323
-5208086282490071692 0246
-4975243644993569198 0625
-5281193599288438585 1323
-4525547242074949357 1434
-4975243644993569198 0625
-5281193599288438585 1323
-4525547242074949357 1222
-4975243644993569198 0625
-5281193599288438585 1323
-5208086282490071692 1222
7722623890375827950 1121
7722623890375827950 1434
-2795829294759957969 1323
2169479538925943497 3443
1471369905339086518 0625
7722623890375827950 1434
-2795829294759957969 1323
2169479538925943497 3443
7722623890375827950 1434
-2795829294759957969 1323
7722623890375827950 1434
-2795829294759957969 1323
2169479538925943497 0113
7722623890375827950 1434
-2795829294759957969 1323
2169479538925943497 3443
1471369905339086518 1626
7722623890375827950 1434
-2795829294759957969 1323
2169479538925943497 0113
5493329874077171075 0625
7722623890375827950 1434
-2795829294759957969 1323
2169479538925943497 0625
7722623890375827950 1323
-6213923414637570522 0625
-3919285394891068037 1626
-8934236930534853828 0516
2755917620335999478 1232
7722623890375827950 1323
-6213923414637570522 0625
-3919285394891068037 1626
-3899835900839518571 0516
7722623890375827950 1323
-6213923414637570522 0625
-4975243644993569198 1131
-6209824792542141759 1434
692955408785026403 1323
-6209824792542141759 1333
-8330223947267056358 0235
-6209824792542141759 1333
-8330223947267056358 0323
-6209824792542141759 0625
7423060390676773172 1626
-6209824792542141759 1222
7722623890375827950 1434
-2795829294759957969 0122
4887811809185418841 1333
3199777463628863294 0213
7722623890375827950 1434
-2795829294759957969 0122
4887811809185418841 0625
7722623890375827950 1434
-2795829294759957969 0122
4887811809185418841 1535
7722623890375827950 1434
-2795829294759957969 0122
4887811809185418841 1333
3199777463628863294 1525
7722623890375827950 1626
3096044977269400756 0516
6814335302227720235 1232
-3008789600096001183 0330
7722623890375827950 1626
3096044977269400756 0516
6814335302227720235 1232
-3008789600096001183 1652
209456446072857255 0330
7722623890375827950 1626
3096044977269400756 0516
8779468167463086597 1232
-6774231932668457523 0330
-4975243644993569198 1222
-4086433992178423376 1323
-4975243644993569198 1333
-9072954217629990899 0246
-4975243644993569198 1333
-9072954217629990899 0122
-4975243644993569198 1333
-9072954217629990899 0625
7798445654580276606 0235
-4975243644993569198 0625
1917916008359962548 1626
320129801809159485 0516
6479397266355860365 1333
-4975243644993569198 1424
-435020662991013163 1232
-4975243644993569198 1333
-4975243644993569198 0625
3538460990168504589 1333
-578013651807740168 2544
-4975243644993569198 1333
-2959376351667252402 1727
-187902788223655033 1222
-6145770724276551744 0321
-4975243644993569198 1121
-4975243644993569198 1333
-8956829131386722993 1232
-4975243644993569198 1333
-9072954217629990899 0625
-4975243644993569198 1333
-9072954217629990899 0625
1797365479832342688 2544
-4975243644993569198 1333
-9072954217629990899 0625
1797365479832342688 1626
-4975243644993569198 1333
-2659839979407045862 0235
-4975243644993569198 1333
-2659839979407045862 0625
-1821781081762792926 2544
-4975243644993569198 1333
-2659839979407045862 1535
-4975243644993569198 1333
-2659839979407045862 0625
-1821781081762792926 0113
2166187029680916427 1626
-4975243644993569198 1333
-6524500845444496612 3342
4489252876680276736 1020
-4975243644993569198 1333
-6524500845444496612 3342
4489252876680276736 1020
-441707319114031476 1131
-4975243644993569198 1333
-6524500845444496612 3342
-4657453924603444446 0625
-4975243644993569198 1333
-6524500845444496612 3342
-4657453924603444446 1131
-4975243644993569198 1333
-6524500845444496612 3342
-4657453924603444446 1434
-4975243644993569198 1333
-6524500845444496612 3342
-4657453924603444446 0122
-4975243644993569198 1333
-6524500845444496612 3342
-4657453924603444446 1232
-4975243644993569198 1333
-6524500845444496612 3342
4489252876680276736 0625
1894260033908128631 1424
-1583777933436884044 1232
-4975243644993569198 1333
-9072954217629990899 0625
5135542862683582840 3342
-4975243644993569198 1333
-6524500845444496612 3342
-4975243644993569198 1333
-6524500845444496612 3342
4489252876680276736 1232
-4975243644993569198 1333
-6524500845444496612 3342
4489252876680276736 0625
1894260033908128631 0246
-4975243644993569198 1333
-6524500845444496612 3342
-4657453924603444446 1232
-5501345007722556188 0625
4880393214095371104 1131
-4975243644993569198 1333
-6524500845444496612 3342
4489252876680276736 0625
1894260033908128631 1424
-4975243644993569198 1333
-6524500845444496612 3342
4489252876680276736 1424
-4975243644993569198 1333
-6524500845444496612 3342
4489252876680276736 0625
1894260033908128631 1626
-4975243644993569198 1333
-6524500845444496612 3342
4489252876680276736 0625
1894260033908128631 0224
-4975243644993569198 1333
-6524500845444496612 1424
-6277278475620450789 0625
4748292768248464034 0113
-4975243644993569198 1333
-6524500845444496612 1424
-6277278475620450789 0625
1033747960243753293 0113
3213584333752788039 1222
5232949691903504598 0330
-4975243644993569198 1333
-6524500845444496612 1424
1357993976881787662 0625
5968348612665923030 1727
-4975243644993569198 1333
-6524500845444496612 1424
-6277278475620450789 0514
-4975243644993569198 1333
-6524500845444496612 1424
-6277278475620450789 0625
-6543882879817389663 2433
-3516859054400071984 1222
-4975243644993569198 1333
-6524500845444496612 1424
-4975243644993569198 1333
-6524500845444496612 1424
-6277278475620450789 1020
-4975243644993569198 1333
-6524500845444496612 1424
-6277278475620450789 0625
1033747960243753293 0113
-7650653537531606872 0541
-4975243644993569198 1333
-6524500845444496612 1424
-6277278475620450789 0625
1033747960243753293 0113
-7650653537531606872 1222
-4975243644993569198 1333
-6524500845444496612 1424
-6277278475620450789 0625
1033747960243753293 0113
-4975243644993569198 1333
-6524500845444496612 1424
-6277278475620450789 0625
-4975243644993569198 1333
-6524500845444496612 1424
-6277278475620450789 0625
4748292768248464034 0541
-4975243644993569198 1333
-6524500845444496612 1424
-6277278475620450789 0625
4748292768248464034 0541
-2426460412028154461 3342
-4975243644993569198 1333
-6524500845444496612 1424
-6277278475620450789 0625
4748292768248464034 1232
-4975243644993569198 1333
-6524500845444496612 1424
1357993976881787662 0625
-6450169190197944387 1222
-6259032914673702238 0113
-5578925015569609951 2232
-4975243644993569198 1333
-6524500845444496612 1424
1357993976881787662 1232
-4975243644993569198 1333
-6524500845444496612 1424
-6277278475620450789 0625
4748292768248464034 3342
-4975243644993569198 1333
-6524500845444496612 1424
1357993976881787662 0625
5968348612665923030 0541
-4975243644993569198 1333
-6524500845444496612 1424
-6277278475620450789 0625
1033747960243753293 0113
-7650653537531606872 0541
3325903476902096862 1232
-4975243644993569198 1333
-6524500845444496612 1434
-4975243644993569198 1333
-6524500845444496612 1434
2360188526143111203 0122
-857392808981343348 0224
-4975243644993569198 1333
-6524500845444496612 1434
2360188526143111203 0122
-857392808981343348 0246
-4975243644993569198 1333
-6524500845444496612 1232
-4975243644993569198 1333
-6524500845444496612 0235
-4975243644993569198 1333
-6524500845444496612 0235
7545444177453394798 3571
6435593360278754474 1222
1734305374537863372 0122
-4975243644993569198 1333
-6524500845444496612 0235
2624739193171467640 1424
3005188114713251724 0122
-4975243644993569198 1333
-6524500845444496612 0235
2624739193171467640 1424
3005188114713251724 1222
-4975243644993569198 1333
-6524500845444496612 0122
-4975243644993569198 1333
-6524500845444496612 0122
-7827686010741477270 0333
-4975243644993569198 1333
-6524500845444496612 0122
-8784622633525138334 1434
-4975243644993569198 1333
-6524500845444496612 0122
-8784622633525138334 0246
-4975243644993569198 1333
-6524500845444496612 0122
-7164077651716596293 0625
-3812067201678247133 3342
-4975243644993569198 1333
-6524500845444496612 0122
-7164077651716596293 1434
-4975243644993569198 1333
-6524500845444496612 0625
-4975243644993569198 0625
-5281193599288438585 1424
6600104148975603846 1121
3135493534483050129 0211
-3154788968063352225 0541
-4975243644993569198 0625
-5281193599288438585 1424
6600104148975603846 1121
3135493534483050129 0211
-4975243644993569198 0625
-5281193599288438585 1424
6600104148975603846 1121
3135493534483050129 0220
-771349189217981090 0541
-4975243644993569198 0625
-5281193599288438585 1424
6600104148975603846 1121
3135493534483050129 0220
-771349189217981090 0541
5806938325309001997 4114
-4975243644993569198 0625
-5281193599288438585 1424
6600104148975603846 1121
3135493534483050129 0220
-4975243644993569198 0625
-5281193599288438585 1424
6600104148975603846 1121
3135493534483050129 0211
-3154788968063352225 1232
-4975243644993569198 0625
-5281193599288438585 1424
6600104148975603846 1121
-4975243644993569198 0625
-5281193599288438585 1424
6600104148975603846 1121
7164010322137130070 0211
-4367253744425203246 1727
8125929081449377222 1636
4754101001762843446 2537
-4975243644993569198 0625
-5281193599288438585 1424
6600104148975603846 1121
7164010322137130070 0211
-4367253744425203246 1727
8125929081449377222 0541
-4975243644993569198 0625
-5281193599288438585 1424
6600104148975603846 1121
7164010322137130070 0211
3805943371172475008 2544
-4975243644993569198 0625
-5281193599288438585 1424
6600104148975603846 1121
7164010322137130070 0211
3805943371172475008 1333
-2532918210187642882 2433
-4975243644993569198 0625
-5281193599288438585 1424
6600104148975603846 1121
7164010322137130070 0211
3805943371172475008 1626
-4975243644993569198 0625
-5281193599288438585 1424
6600104148975603846 1121
7164010322137130070 0211
3805943371172475008 1333
-4975243644993569198 0625
-5281193599288438585 1424
6600104148975603846 1121
7164010322137130070 0211
3805943371172475008 0514
-4975243644993569198 0625
-5281193599288438585 1424
6600104148975603846 1121
7131054004369173728 0220
-7705513810961406899 2011
-4975243644993569198 0625
-5281193599288438585 1424
6600104148975603846 1121
3135493534483050129 0211
-3154788968063352225 0541
9010606457568259977 4114
-4975243644993569198 0625
-5281193599288438585 1424
6600104148975603846 1121
3135493534483050129 0211
-3154788968063352225 0541
9010606457568259977 1030
7722623890375827950 1626
3096044977269400756 1323
-3400939840682747405 1222
7722623890375827950 1323
-6213923414637570522 0113
-4975243644993569198 1323
4580529523253242949 1434
-4975243644993569198 1323
7722623890375827950 1323
-6213923414637570522 1424
-5777558860987621280 1333
-5026813729834683922 3343
-5777558860987621280 1333
-5026813729834683922 3343
4730203990295650480 1232
-5777558860987621280 1333
-5026813729834683922 1222
-8151931102888979206 0625
-4798234942852024305 1626
-5777558860987621280 1333
-5026813729834683922 1222
-8151931102888979206 0246
-5777558860987621280 1333
-5026813729834683922 1222
-8151931102888979206 0625
-4798234942852024305 0246
-5777558860987621280 1333
-5026813729834683922 1222
-8151931102888979206 0625
-846116259181115360 0235
-5777558860987621280 1333
-5026813729834683922 1222
-8151931102888979206 0625
-4798234942852024305 0235
-5777558860987621280 1333
-5026813729834683922 1222
-8151931102888979206 0625
-846116259181115360 0246
-5777558860987621280 1333
-5026813729834683922 3342
7722623890375827950 1434
-2795829294759957969 0625
-8300472828436840130 1323
8016849244759467627 2544
-8339254190077778330 2333
-2496645027231786590 0523
7722623890375827950 1434
-2795829294759957969 0625
-8300472828436840130 1323
8016849244759467627 2544
-8339254190077778330 2333
-2496645027231786590 0122
7722623890375827950 1434
-2795829294759957969 0625
-8300472828436840130 2544
6156889279652492274 0314
7722623890375827950 1434
-2795829294759957969 0625
7722623890375827950 1434
-2795829294759957969 0625
-907809950550472934 2544
-7740155006596962560 0122
7722623890375827950 1333
-7226134089597681172 0333
-7423842688951169901 3330
3114635541730853839 1434
7722623890375827950 1333
-7226134089597681172 0333
-7423842688951169901 3323
-1952043152935213722 0625
-1007221929280770721 1020
7722623890375827950 1333
-7226134089597681172 0333
-7423842688951169901 3330
3114635541730853839 0625
5356652012173527583 0235
7722623890375827950 1333
7722623890375827950 1333
-7226134089597681172 0333
-7423842688951169901 3323
7722623890375827950 1333
-7226134089597681172 0625
-5800798411608246800 1424
7722623890375827950 1333
-7226134089597681172 0625
-6280146219620479932 2533
-4424504796328566881 3341
7722623890375827950 1333
-7226134089597681172 0333
-7423842688951169901 3330
7722623890375827950 1333
-7226134089597681172 0333
-7423842688951169901 3330
3114635541730853839 0625
7722623890375827950 1333
-7226134089597681172 0625
-6280146219620479932 2533
7722623890375827950 1333
-7226134089597681172 0333
7722623890375827950 1333
-7226134089597681172 0625
7722623890375827950 1333
-7226134089597681172 0625
-6280146219620479932 2533
1811926689870783546 0246
7722623890375827950 1333
-7226134089597681172 0625
-5800798411608246800 1222
7722623890375827950 1333
-7226134089597681172 0625
-6280146219620479932 0246
7722623890375827950 1333
-7226134089597681172 0625
-6280146219620479932 0246
310682721182224730 4635
-6614726068150953504 0113
7722623890375827950 1333
-7226134089597681172 0625
-6280146219620479932 2533
1811926689870783546 1626
7722623890375827950 1333
-7226134089597681172 0333
-7423842688951169901 3323
-1952043152935213722 1222
7722623890375827950 1434
-2795829294759957969 0122
-3432285828830854718 3443
-2299489184979539661 0532
7722623890375827950 1434
-2795829294759957969 0122
-3432285828830854718 3443
-2299489184979539661 0532
-5579410431025478204 0325
7722623890375827950 1434
-2795829294759957969 0122
-3432285828830854718 3443
-2299489184979539661 0532
-7721326454985080106 0325
-758149442337958777 2526
7722623890375827950 1434
-2795829294759957969 0122
-3432285828830854718 3443
-3170851997921337886 4352
-8678810850465565513 0541
7722623890375827950 1434
-2795829294759957969 0122
-3432285828830854718 3443
-1528558552739103536 0532
7722623890375827950 1434
-2795829294759957969 0122
-3432285828830854718 3443
-2299489184979539661 0541
7722623890375827950 1434
-2795829294759957969 0122
-3432285828830854718 3443
-2299489184979539661 0347
2942732596222348437 0541
7722623890375827950 1434
-2795829294759957969 0122
-3432285828830854718 3443
-2299489184979539661 0532
3582911474101431922 3241
7722623890375827950 1434
-2795829294759957969 0122
-3432285828830854718 3443
-2299489184979539661 0625
7722623890375827950 1434
-2795829294759957969 0122
-3432285828830854718 3443
-1528558552739103536 0625
7722623890375827950 1434
-2795829294759957969 0122
-3432285828830854718 3443
-3170851997921337886 1333
7722623890375827950 1434
-2795829294759957969 0122
-3432285828830854718 3443
-1528558552739103536 0625
-5791408370810226539 2546
7722623890375827950 1434
-2795829294759957969 0122
-3432285828830854718 3443
-1528558552739103536 0541
7722623890375827950 1434
-2795829294759957969 0122
-3432285828830854718 3443
-2299489184979539661 0347
-4975243644993569198 1333
-6524500845444496612 1424
-6277278475620450789 0625
4748292768248464034 1222
2532998958032533925 1020
-4975243644993569198 1333
-6524500845444496612 1424
-6277278475620450789 1222
-4975243644993569198 1333
-6524500845444496612 1424
-6277278475620450789 0625
4748292768248464034 1222
6715400256905709268 3342
-4975243644993569198 1333
-6524500845444496612 1424
-6277278475620450789 0625
4748292768248464034 1222
2532998958032533925 0113
-4862602179050580040 0514
-4975243644993569198 1333
-6524500845444496612 1424
-6277278475620450789 0625
4748292768248464034 1222
6715400256905709268 3342
-7162601987609262078 1131
-5187698038372070173 1727
5995669196891535008 1636
2855613701023125973 2533
-4975243644993569198 1333
-6524500845444496612 1424
-6277278475620450789 0625
4748292768248464034 1222
2532998958032533925 0113
-4862602179050580040 0523
-4975243644993569198 1333
-6524500845444496612 1424
-6277278475620450789 0625
4748292768248464034 1222
-4975243644993569198 1333
-6524500845444496612 1424
-6277278475620450789 0625
4748292768248464034 1222
2532998958032533925 0113
-4862602179050580040 3342
5072448611195615620 1131
-4975243644993569198 1333
-6524500845444496612 1424
-6277278475620450789 0625
4748292768248464034 1222
2532998958032533925 0113
-4862602179050580040 3342
5072448611195615620 1131
-9119746536579647669 1020
-4975243644993569198 1333
-6524500845444496612 1424
-6277278475620450789 0625
4748292768248464034 1222
2532998958032533925 0113
-4862602179050580040 3342
5072448611195615620 1131
-9119746536579647669 3141
-4975243644993569198 1333
-6524500845444496612 1424
-6277278475620450789 0625
4748292768248464034 1222
2532998958032533925 0113
-4862602179050580040 3342
5072448611195615620 1131
-9119746536579647669 1020
-4126668206194965638 2232
-681453492415590345 3243
-4899670328066105076 2546
-4975243644993569198 1333
-6524500845444496612 1424
-6277278475620450789 0625
4748292768248464034 1222
2532998958032533925 0113
-4862602179050580040 3342
5072448611195615620 1131
-9119746536579647669 1020
-4126668206194965638 2232
-681453492415590345 3243
-4899670328066105076 1334
-4975243644993569198 1333
-6524500845444496612 1424
-6277278475620450789 0625
4748292768248464034 1222
2532998958032533925 0113
-4862602179050580040 3342
5072448611195615620 1131
-9119746536579647669 0211
-4975243644993569198 1333
-6524500845444496612 1424
-6277278475620450789 0625
4748292768248464034 1222
2532998958032533925 0113
-4862602179050580040 3342
5072448611195615620 1131
-9119746536579647669 0211
-7750210277931018069 3141
4540045298952886803 2232
-3407498811261246169 2533
-4975243644993569198 1333
-6524500845444496612 1424
-6277278475620450789 0625
4748292768248464034 1222
2532998958032533925 0113
-4975243644993569198 1333
-6524500845444496612 1424
-6277278475620450789 1222
4793886167575945108 3342
-4975243644993569198 1333
-6524500845444496612 1424
-6277278475620450789 1222
4793886167575945108 3342
8161761118981425027 0541
-5698750437361926462 1131
-7985578941105747528 1030
-4874576082008042322 4152
5942427615452099384 2231
8968583629713977245 0211
-4975243644993569198 1333
-6524500845444496612 1424
1357993976881787662 0625
-6450169190197944387 1222
-6259032914673702238 0113
-4975243644993569198 1333
-6524500845444496612 1424
-6277278475620450789 0625
4748292768248464034 1222
2532998958032533925 0113
-4862602179050580040 0541
7722623890375827950 1232
-4022682749124441134 0122
1607979019879388952 3243
-1100156695435666271 1626
7722623890375827950 1232
-4022682749124441134 0122
1607979019879388952 3243
-1100156695435666271 1626
5646549056982776579 0516
1920558183166329887 0625
6865546728215108114 2546
7722623890375827950 1232
-4022682749124441134 0122
1607979019879388952 3243
-1100156695435666271 1626
5646549056982776579 0625
7421817777031533992 2243
131962387777724948 1323
7722623890375827950 1232
6124837066821556608 1333
-7655762220320191399 0333
7722623890375827950 1232
6124837066821556608 1333
-7655762220320191399 0333
-6617836805372209755 3243
-5003706699660004448 0122
-1721403355467469237 0246
7722623890375827950 1232
6124837066821556608 1333
-7655762220320191399 0333
-6617836805372209755 0625
2823648959553793198 0246
7722623890375827950 1232
6124837066821556608 0625
-6976976054501284383 2533
-3468946781913777610 1424
-2955141599034873580 0122
7722623890375827950 1232
6124837066821556608 0625
-6976976054501284383 2533
-3468946781913777610 3243
7722623890375827950 1232
6124837066821556608 0625
-6976976054501284383 2533
-3004280071548922998 0122
750268530269359079 3321
3469901190129922778 3242
4464300719160014394 0312
8203162537257267470 1636
7722623890375827950 1232
-4022682749124441134 1323
7268265049766626287 3243
-5582179813489148382 0625
-6924868098593208187 0122
9181920856923566724 1434
7722623890375827950 1232
-4022682749124441134 1323
-598079649190781098 0213
7722623890375827950 1232
-4022682749124441134 1323
7268265049766626287 3243
5519810895503043767 0122
6013455745748993754 0313
7722623890375827950 1232
-4022682749124441134 1323
7268265049766626287 3243
-5582179813489148382 0625
-6924868098593208187 0122
-3334681188619545833 0321
7722623890375827950 1232
-4022682749124441134 1323
7268265049766626287 3243
-5582179813489148382 0625
-6924868098593208187 0122
9181920856923566724 2243
-4797321685481507333 1626
7722623890375827950 1232
-4022682749124441134 1323
7268265049766626287 3243
-5582179813489148382 0625
-6924868098593208187 0122
7722623890375827950 1232
-5914003436670328267 0122
-6107492969242546367 1434
7923556833277067555 1323
2484889888831458183 0514
-318633992612722834 1436
7722623890375827950 1232
-5914003436670328267 0122
-5706033393722602116 1626
4760309412283334935 0516
-4555417688147418244 1323
-7124213582330873919 1434
7722623890375827950 1232
-5914003436670328267 0122
-5706033393722602116 1626
4760309412283334935 0516
-4555417688147418244 1323
-7124213582330873919 1434
8628948408304707510 0614
7722623890375827950 1232
-5914003436670328267 0122
-5706033393722602116 1626
4760309412283334935 0516
-4555417688147418244 1323
-2476781071505347048 1434
7722623890375827950 1232
-5914003436670328267 1424
4015287558995292212 1333
7722623890375827950 1232
-5914003436670328267 0122
7722623890375827950 1232
-4022682749124441134 1323
7268265049766626287 3243
-5582179813489148382 0625
-6924868098593208187 1626
7701122756988499652 0516
4836172793146147585 0122
7722623890375827950 1232
-4022682749124441134 1323
7268265049766626287 3243
-5582179813489148382 0625
-6924868098593208187 1626
7722623890375827950 1232
-4022682749124441134 1323
7268265049766626287 3243
-5582179813489148382 0625
-6924868098593208187 1626
-7233801500816796027 0113
7722623890375827950 1232
-4022682749124441134 1323
7268265049766626287 3243
-5582179813489148382 1626
-278465166373218741 0516
8753302162083205294 0625
2350969656302145798 0122
7722623890375827950 1232
-4022682749124441134 1323
7268265049766626287 3243
-5582179813489148382 0625
-6924868098593208187 1626
-6943220840670700106 0516
-766088852134254775 0122
7722623890375827950 1232
-4022682749124441134 1424
-2264045114415600202 1020
7722623890375827950 1232
-4022682749124441134 0122
1607979019879388952 3243
-1100156695435666271 0312
7722623890375827950 1232
-4022682749124441134 1424
-2264045114415600202 3243
6545602836837053032 0625
5304818639694045400 0122
7722623890375827950 1232
-4022682749124441134 1424
-2264045114415600202 3243
6545602836837053032 0625
5304818639694045400 0122
-2817179649188685014 0532
7722623890375827950 1232
-4022682749124441134 0122
1607979019879388952 1424
7722623890375827950 1232
-4022682749124441134 1424
7722623890375827950 1232
-4022682749124441134 1424
-2264045114415600202 3243
6545602836837053032 0625
7722623890375827950 1232
-4022682749124441134 1424
-2264045114415600202 3243
7722623890375827950 1232
-4022682749124441134 1424
-2264045114415600202 3243
6545602836837053032 0625
5304818639694045400 0321
7722623890375827950 1232
7722623890375827950 1232
-4022682749124441134 0122
1607979019879388952 3243
-1100156695435666271 0321
7722623890375827950 1232
-4022682749124441134 1626
7722623890375827950 1232
-4022682749124441134 1626
3932643476824505734 0516
7722623890375827950 1232
-4022682749124441134 0122
1607979019879388952 3243
-1100156695435666271 1434
7361147941608531000 1323
7722623890375827950 1232
-4022682749124441134 1424
-2264045114415600202 3243
6545602836837053032 1020
7722623890375827950 1232
-4022682749124441134 1424
-2264045114415600202 3243
6545602836837053032 1020
-4338461670341491174 0625
3547736629636168723 0541
2138760363006600363 0122
7722623890375827950 1232
-4022682749124441134 1424
-2264045114415600202 3243
6545602836837053032 1020
8284972632998332240 0532
7722623890375827950 1232
-4022682749124441134 1424
-2264045114415600202 3243
6545602836837053032 1020
8284972632998332240 1626
7722623890375827950 1232
-4022682749124441134 1424
-2264045114415600202 3243
6545602836837053032 1020
-8044389741923103745 1131
7722623890375827950 1232
-4022682749124441134 1121
7722623890375827950 1232
-4022682749124441134 1323
7268265049766626287 3243
-5582179813489148382 0625
-6924868098593208187 0213
7722623890375827950 1232
-4022682749124441134 1424
-2264045114415600202 3243
6545602836837053032 0321
7722623890375827950 1232
-4022682749124441134 0122
1607979019879388952 3243
-1100156695435666271 0625
6425094772311326536 1434
1815129415111096987 1323
-5908810616012134469 1020
7822710378061641216 0224
7722623890375827950 1232
-4022682749124441134 0122
1607979019879388952 3243
-1100156695435666271 0625
6425094772311326536 1434
7722623890375827950 1232
-4022682749124441134 0122
1607979019879388952 3243
-1100156695435666271 0625
6425094772311326536 1434
1815129415111096987 1323
-5908810616012134469 1020
7822710378061641216 1131
7722623890375827950 1232
-4022682749124441134 0122
1607979019879388952 3243
-1100156695435666271 0625
6425094772311326536 1434
1815129415111096987 1323
-5908810616012134469 1020
7822710378061641216 1131
260301672515239334 1625
684711626101657398 2535
7722623890375827950 1232
-4022682749124441134 0122
1607979019879388952 3243
-1100156695435666271 0625
6425094772311326536 1434
1815129415111096987 1323
-5908810616012134469 1020
7822710378061641216 1131
260301672515239334 1625
684711626101657398 0516
7722623890375827950 1232
-4022682749124441134 0122
1607979019879388952 3243
-1100156695435666271 1434
7722623890375827950 1232
-4022682749124441134 1424
-2264045114415600202 1333
7722623890375827950 1232
-5914003436670328267 1424
4149069123807344835 1333
7722623890375827950 1232
-1639433102243722817 1333
7184337185785621059 0625
7722623890375827950 1232
-4022682749124441134 1323
7722623890375827950 1232
-4022682749124441134 1323
7268265049766626287 0625
7722623890375827950 1232
-4022682749124441134 1323
7268265049766626287 0625
3227861598143585301 2544
7722623890375827950 1232
-4022682749124441134 1323
7268265049766626287 3243
-5582179813489148382 0625
7722623890375827950 1232
-4022682749124441134 1323
7268265049766626287 3243
-5582179813489148382 0625
-6924868098593208187 1020
7722623890375827950 1232
-4022682749124441134 1323
7268265049766626287 3243
-5582179813489148382 0625
-6924868098593208187 1020
2566280592598367203 1424
7722623890375827950 1232
-4022682749124441134 1323
7268265049766626287 3243
-5582179813489148382 0625
-6924868098593208187 1020
2566280592598367203 1424
-5393328610510689481 0514
7722623890375827950 1232
-4022682749124441134 1323
7268265049766626287 3243
-5582179813489148382 0625
-6924868098593208187 1020
2566280592598367203 1424
-5393328610510689481 0514
-967661315440478062 1727
-9188114337035527766 0312
7722623890375827950 1232
-4022682749124441134 1323
7268265049766626287 3243
-5582179813489148382 0625
-6924868098593208187 1020
-6991428543149781406 2546
7722623890375827950 1232
-4022682749124441134 1323
7268265049766626287 3243
-5582179813489148382 0625
-6924868098593208187 1020
2566280592598367203 1424
-5393328610510689481 0514
-967661315440478062 1727
-9188114337035527766 1636
7722623890375827950 1232
-4022682749124441134 1323
7268265049766626287 3243
-5582179813489148382 0625
-6924868098593208187 1020
2566280592598367203 1424
-5393328610510689481 0122
7722623890375827950 1232
-4022682749124441134 1323
7268265049766626287 3243
-5582179813489148382 0625
-6924868098593208187 1020
2566280592598367203 1424
-5393328610510689481 0321
7722623890375827950 1232
-4022682749124441134 1323
7268265049766626287 3243
-5582179813489148382 0625
-6924868098593208187 1020
2566280592598367203 1424
-5393328610510689481 0321
-893645978302906620 2161
-8343787329956423057 6150
7722623890375827950 1232
-4022682749124441134 1323
7268265049766626287 3243
-5582179813489148382 0625
-6924868098593208187 1020
2566280592598367203 1424
-5393328610510689481 1131
7722623890375827950 1232
-4022682749124441134 1323
7268265049766626287 3243
-5582179813489148382 0625
-6924868098593208187 1020
2566280592598367203 1424
-5393328610510689481 0514
-967661315440478062 0312
7722623890375827950 1232
-4022682749124441134 0122
1607979019879388952 3243
-1100156695435666271 1333
7722623890375827950 1232
-4022682749124441134 0625
1322248203262269491 2533
-8558255687745022233 3352
7722623890375827950 1232
-4022682749124441134 0625
1322248203262269491 2533
-8558255687745022233 1424
9060603019934428341 2433
8946320352559693634 0122
7722623890375827950 1232
-4022682749124441134 0625
7722623890375827950 1232
-4022682749124441134 0122
1658681178416587970 1626
7722623890375827950 1232
-4022682749124441134 1020
7722623890375827950 1232
-4022682749124441134 1020
-634653976511151292 0122
-1253949171600380895 3243
933374972887155699 1434
7722623890375827950 1232
-4022682749124441134 1020
-634653976511151292 1424
7722623890375827950 1232
-4022682749124441134 1020
-634653976511151292 1323
7722623890375827950 1232
-4022682749124441134 1020
9169551432540429905 3243
-5825790781479259063 1424
7722623890375827950 1232
-4022682749124441134 1020
9169551432540429905 3243
-5825790781479259063 1434
7722623890375827950 1232
-4022682749124441134 1020
-2637913183496477309 0625
7722623890375827950 1232
-4022682749124441134 1020
-2637913183496477309 1333
-7840144722408088443 0625
7722623890375827950 1232
-4022682749124441134 1020
-2637913183496477309 1323
7722623890375827950 1232
-4022682749124441134 0122
7722623890375827950 1232
-4022682749124441134 0122
1607979019879388952 3243
-1100156695435666271 0625
7722623890375827950 1232
-4022682749124441134 1424
-2264045114415600202 3243
6545602836837053032 0122
-206586862646885155 1020
7722623890375827950 1232
-4022682749124441134 1424
-2264045114415600202 3243
6545602836837053032 0122
-206586862646885155 0312
7722623890375827950 1232
-4022682749124441134 1424
-2264045114415600202 3243
6545602836837053032 0122
7722623890375827950 1232
-4022682749124441134 1424
-2264045114415600202 3243
6545602836837053032 0122
-206586862646885155 1020
2404534014967852029 0614
7722623890375827950 1232
-4022682749124441134 1424
-2264045114415600202 3243
6545602836837053032 0532
7722623890375827950 1232
-4022682749124441134 1424
-2264045114415600202 3243
6545602836837053032 0625
5304818639694045400 0541
7722623890375827950 1232
-4022682749124441134 1323
7268265049766626287 3243
-5582179813489148382 0625
-6924868098593208187 0122
6104633707058184339 1424
2947086797389120333 0514
7722623890375827950 1232
-4022682749124441134 1323
7268265049766626287 3243
-5582179813489148382 0625
-6924868098593208187 0122
6104633707058184339 1626
7722623890375827950 1232
-4022682749124441134 1323
7268265049766626287 3243
-5582179813489148382 0625
-6924868098593208187 0122
6104633707058184339 1424
2947086797389120333 0321
7722623890375827950 1232
-4022682749124441134 1323
7268265049766626287 3243
-5582179813489148382 0625
-6924868098593208187 0122
6104633707058184339 0213
7722623890375827950 1232
-4022682749124441134 1323
7268265049766626287 3243
-5582179813489148382 0625
-6924868098593208187 0122
6104633707058184339 1424
2947086797389120333 1020
7722623890375827950 1232
-4022682749124441134 1323
7268265049766626287 3243
-5582179813489148382 0625
-6924868098593208187 1424
7722623890375827950 1232
-4022682749124441134 1323
7268265049766626287 3243
-5582179813489148382 0625
-6924868098593208187 1424
-435628183560689740 1020
7722623890375827950 1232
-4022682749124441134 1323
7268265049766626287 3243
-5582179813489148382 0625
-6924868098593208187 1424
-435628183560689740 0122
7722623890375827950 1232
3786381320040200274 3243
3214298329075707944 4352
1717683594513058064 0122
-5099425611489641207 1626
7722623890375827950 1232
3786381320040200274 3243
3214298329075707944 4352
1717683594513058064 1424
5563980128572273061 1020
7722623890375827950 1232
3786381320040200274 3243
3214298329075707944 4352
1717683594513058064 0122
-5099425611489641207 1424
-4740682057087814235 1020
7722623890375827950 1232
3786381320040200274 3243
3214298329075707944 4352
1717683594513058064 0122
-5099425611489641207 1424
-4740682057087814235 0541
7722623890375827950 1232
3786381320040200274 3243
3214298329075707944 4352
1717683594513058064 0122
-5099425611489641207 1323
2617014599722142443 1424
7722623890375827950 1232
3786381320040200274 3243
3214298329075707944 4353
7722623890375827950 1232
3786381320040200274 3243
3214298329075707944 1333
7722623890375827950 1232
-553827273253942189 1121
7722623890375827950 1232
-4022682749124441134 1323
7268265049766626287 3243
-5582179813489148382 0625
-6924868098593208187 1424
-346971592443682059 1020
8997462678622660250 1131
7722623890375827950 1232
-4022682749124441134 1323
7268265049766626287 3243
-5582179813489148382 0625
-6924868098593208187 1424
-346971592443682059 0122
7722623890375827950 1232
-8685069578433915304 3241
4922804305330245851 4150
-4975243644993569198 1333
-6524500845444496612 1222
-7775676719934576925 0625
-1294744075269301272 1020
-4975243644993569198 1333
-6524500845444496612 1222
-7775676719934576925 0625
-1294744075269301272 3342
5266726421169895055 0235
-4975243644993569198 1333
-6524500845444496612 1222
-7775676719934576925 0625
-1294744075269301272 3342
5266726421169895055 0235
-1513458789072154853 0113
-4417293608069403587 0312
-6154181951462702390 1434
-4975243644993569198 1333
-6524500845444496612 1222
-7775676719934576925 0625
-1294744075269301272 3342
5266726421169895055 0235
-1513458789072154853 0113
-4417293608069403587 0312
-6154181951462702390 1434
-5559592464432473320 1334
-9174170095892821696 2513
6366558845798426411 1636
-4975243644993569198 1333
-6524500845444496612 1222
-7775676719934576925 0625
-1294744075269301272 3342
5266726421169895055 0235
-8798698826872864820 0120
-4975243644993569198 1333
-6524500845444496612 1222
-7775676719934576925 0625
-1294744075269301272 3342
5266726421169895055 0235
-1513458789072154853 1424
-4975243644993569198 1333
-6524500845444496612 1222
-7775676719934576925 0625
-7329262042952026740 2233
-4975243644993569198 1333
-6524500845444496612 1222
-7775676719934576925 0625
-7329262042952026740 2233
7886187597223915017 0122
-2180916758553209315 0235
-4975243644993569198 1333
-6524500845444496612 1222
-7775676719934576925 0625
-7329262042952026740 2233
7886187597223915017 0122
-2180916758553209315 0235
-8041299525323296107 1424
8192300728163846707 0541
-4975243644993569198 1333
-6524500845444496612 1222
-4975243644993569198 1333
-6524500845444496612 1222
-7775676719934576925 0625
-205999535011075948 0246
-4975243644993569198 1333
-6524500845444496612 1222
-7775676719934576925 0625
-205999535011075948 0235
-4975243644993569198 1333
-6524500845444496612 1222
-7775676719934576925 0625
-1294744075269301272 1626
-4975243644993569198 1333
-6524500845444496612 1222
-7775676719934576925 0625
-1294744075269301272 3342
5266726421169895055 0120
-4975243644993569198 1333
-6524500845444496612 1222
-7775676719934576925 0625
-1294744075269301272 3342
5266726421169895055 1424
-4975243644993569198 1333
-6524500845444496612 1222
-7775676719934576925 0625
-1294744075269301272 3342
5266726421169895055 0246
-4975243644993569198 1333
-6524500845444496612 1222
-7775676719934576925 0625
-1294744075269301272 0321
-4975243644993569198 1333
-6524500845444496612 1222
-7775676719934576925 0625
-1294744075269301272 3342
-4975243644993569198 1333
-6524500845444496612 1222
3035794901272736240 1434
-4975243644993569198 0625
-5281193599288438585 1222
7722623890375827950 1434
-2795829294759957969 0122
-4974806320127505816 0541
7722623890375827950 1434
-2795829294759957969 0122
-4974806320127505816 2243
7722623890375827950 1434
-2795829294759957969 0122
-4974806320127505816 0532
7722623890375827950 1434
-2795829294759957969 0122
-4974806320127505816 0532
2674061362578606521 1535
7722623890375827950 1434
-2795829294759957969 0122
-4974806320127505816 0614
7722623890375827950 1434
-2795829294759957969 0122
-4974806320127505816 0614
-2395620999734662355 1626
7722623890375827950 1434
-2795829294759957969 0122
-4974806320127505816 1020
4276824091069689624 1122
7722623890375827950 1434
-2795829294759957969 0122
-4974806320127505816 1626
7722623890375827950 1434
-2795829294759957969 0122
-4974806320127505816 1020
3452419260253991524 1131
7722623890375827950 1434
-2795829294759957969 0122
-4974806320127505816 1020
3452419260253991524 0532
7722623890375827950 1434
-2795829294759957969 0122
-4974806320127505816 1020
3452419260253991524 0614
7722623890375827950 1434
-2795829294759957969 0122
-4974806320127505816 1020
3452419260253991524 1626
7722623890375827950 1434
-2795829294759957969 0122
-4974806320127505816 1020
3452419260253991524 1131
5198994710140129033 0532
7722623890375827950 1434
-2795829294759957969 0122
-4974806320127505816 1020
3452419260253991524 1323
-8762788650434699400 0213
-1560460054967869457 0614
7722623890375827950 1434
-2795829294759957969 0122
-4974806320127505816 1020
3452419260253991524 1323
-2908887670261232386 1122
5505634873600676967 1525
7722623890375827950 1434
-2795829294759957969 0122
-4974806320127505816 1020
3452419260253991524 1323
-8762788650434699400 0213
7722623890375827950 1434
-2795829294759957969 0122
-4974806320127505816 1020
3452419260253991524 1323
7722623890375827950 1434
-2795829294759957969 0122
-4974806320127505816 1020
3452419260253991524 1323
-8762788650434699400 0213
-1560460054967869457 1626
7722623890375827950 1434
-2795829294759957969 0122
-4974806320127505816 1020
3452419260253991524 1323
-8762788650434699400 1535
7722623890375827950 1434
-2795829294759957969 0122
-4974806320127505816 1020
3452419260253991524 1131
5198994710140129033 2230
7722623890375827950 1434
-2795829294759957969 0122
-4974806320127505816 1020
3452419260253991524 1535
7722623890375827950 1434
-2795829294759957969 0122
-4974806320127505816 1535
7722623890375827950 1434
-2795829294759957969 0122
-4974806320127505816 1535
-971053128275325702 3544
7626386309137367450 1333
8916329008612881885 3344
-8084668492068613176 0336
7722623890375827950 1434
-2795829294759957969 0122
-4974806320127505816 1535
-971053128275325702 3544
7626386309137367450 1333
8916329008612881885 3344
-8084668492068613176 0333
7722623890375827950 1434
-2795829294759957969 0122
-4974806320127505816 1535
-971053128275325702 3544
7626386309137367450 0625
7722623890375827950 1434
-2795829294759957969 0122
-4974806320127505816 1323
7722623890375827950 1020
7722623890375827950 1020
8566057235798484577 1131
-2770511197757933074 0211
-1477743046292863593 1424
-4975243644993569198 1333
-6524500845444496612 1424
-6277278475620450789 1232
-4975243644993569198 1333
-6524500845444496612 1424
-6277278475620450789 1232
-213432052880317058 2433
-1505255940452452961 0122
-225335797954629247 0625
-4975243644993569198 1333
-6524500845444496612 1424
-6277278475620450789 1232
-213432052880317058 2433
-1505255940452452961 0122
-225335797954629247 0625
3711281227940201977 0514
-4975243644993569198 1333
-6524500845444496612 1424
-6277278475620450789 1232
-213432052880317058 3243
-4975243644993569198 1333
-6524500845444496612 1424
-6277278475620450789 1232
-213432052880317058 2433
-1505255940452452961 0122
-225335797954629247 3242
-4975243644993569198 1333
-6524500845444496612 1424
-6277278475620450789 1232
-7606349239651103625 0625
-362580708215989504 0122
7722623890375827950 1434
-2795829294759957969 0122
1907695920950329074 1626
-4975243644993569198 0625
1917916008359962548 1424
-7894652074502537928 1727
-4975243644993569198 0625
1917916008359962548 1626
-200458692248392771 0516
4699829001678285907 1232
-4975243644993569198 0625
-8281586930288035905 1424
8130192619525554506 1333
-2249178942742282459 1222
8130192619525554506 1333
-2249178942742282459 3344
5855669000394980640 1434
7722623890375827950 1434
-1604246690148511097 0532
7722623890375827950 1434
-1604246690148511097 0625
7722623890375827950 1434
-1604246690148511097 0625
6389343165818746175 2544
7984405972290786241 4423
-7153074973659874986 0122
-6999942686620272168 1626
6039891348365371214 1535
8179594486187266274 0314
1559668283046946256 0403
-142077735988762011 1121
7722623890375827950 1434
-1604246690148511097 0625
6389343165818746175 2544
7722623890375827950 1434
-1604246690148511097 0625
6389343165818746175 2544
7984405972290786241 4423
-7153074973659874986 0514
7722623890375827950 1434
-1604246690148511097 0625
6389343165818746175 0541
7722623890375827950 1434
-1604246690148511097 0625
6389343165818746175 0122
7722623890375827950 1434
-1604246690148511097 0625
-1010976758526595425 1333
4552635931108484514 2544
-2259464814869193319 0514
7722623890375827950 1434
-1604246690148511097 0625
-1010976758526595425 1333
-4975243644993569198 1323
-2366281231916619466 0246
-5777558860987621280 0122
-5777558860987621280 1535
-5777558860987621280 1626
-5777558860987621280 1323
-5777558860987621280 1131
-5777558860987621280 1333
-5777558860987621280 1424
-5777558860987621280 1121
-4975243644993569198 1333
-9072954217629990899 1232
-5777558860987621280 1232
-5777558860987621280 1222
-5777558860987621280 0625
-5777558860987621280 1323
-2366281231916619466 0246
1744139739317456514 0113
-7787798561773335025 0001
