-3020894579883155279 1333
5800387189976571617 3343
-1486282335368533186 1434
-228167405095410210 0235
-3020894579883155279 1333
5800387189976571617 3343
-1486282335368533186 1434
-228167405095410210 1535
2872900612456506980 4354
-3020894579883155279 1333
5800387189976571617 3343
-1486282335368533186 1434
-228167405095410210 1535
2872900612456506980 1232
-3020894579883155279 1333
5800387189976571617 3343
-1486282335368533186 1434
-228167405095410210 1535
2872900612456506980 1232
3497047393701481756 3243
5900403294824138490 0523
-3020894579883155279 1333
5800387189976571617 3343
-1486282335368533186 1535
5547611447057137428 3545
2160961244637541732 0625
4618310527297963087 0235
-3020894579883155279 1333
5800387189976571617 1424
-3020894579883155279 1333
5800387189976571617 3343
-1486282335368533186 1434
-228167405095410210 0122
-3020894579883155279 1333
5800387189976571617 3343
-1486282335368533186 1434
-228167405095410210 0122
2219995858969153246 1535
-1183809470797874602 0213
-3020894579883155279 1333
5800387189976571617 3343
-1486282335368533186 1434
-228167405095410210 0122
-3091909957229033853 0235
-7974529378784529696 3526
5579505655167511513 1737
-3020894579883155279 1333
5800387189976571617 3343
-1486282335368533186 1434
-228167405095410210 0122
2219995858969153246 1020
-3020894579883155279 1333
5800387189976571617 3343
-1486282335368533186 0625
-3020894579883155279 1333
5800387189976571617 0625
1609634088500976995 3343
-5351298089520918021 4353
-3020894579883155279 1333
5800387189976571617 3343
-1486282335368533186 1535
-3020894579883155279 1333
5800387189976571617 3343
-1486282335368533186 1535
5547611447057137428 3545
-3020894579883155279 1727
-3020894579883155279 1434
4674580289464428549 1535
-8840401345455849854 3444
2735762563558715387 3546
4200110632216397355 4657
4197796864357995261 0625
-5697847641902007723 1232
-3020894579883155279 1434
4674580289464428549 1535
-8840401345455849854 3444
2735762563558715387 3546
4200110632216397355 1222
-3020894579883155279 1434
4674580289464428549 1535
-8840401345455849854 3444
2735762563558715387 3546
4200110632216397355 4657
-4324706698008126585 0625
-5697847641902007723 0122
8291791056169688525 1121
7745760289177362920 0211
-3020894579883155279 1434
4674580289464428549 1535
-8840401345455849854 3444
2735762563558715387 3546
4200110632216397355 4657
-3020894579883155279 1434
4674580289464428549 1535
-8840401345455849854 3444
2735762563558715387 3546
4200110632216397355 1323
-3020894579883155279 1434
4674580289464428549 1535
-8840401345455849854 3444
2735762563558715387 3546
4200110632216397355 4656
-3020894579883155279 1434
4674580289464428549 1535
-8840401345455849854 3444
2735762563558715387 3546
4200110632216397355 4657
-4324706698008126585 0625
-6294174409141334179 1333
2312760134170827913 0302
-6162198884573201240 0113
-3020894579883155279 1434
4674580289464428549 1535
-8840401345455849854 3444
2735762563558715387 3546
4200110632216397355 4657
-4324706698008126585 0625
-6294174409141334179 1333
-3020894579883155279 1434
4674580289464428549 1535
-8840401345455849854 3444
2735762563558715387 0541
-3020894579883155279 1434
4674580289464428549 1535
-8840401345455849854 3444
2735762563558715387 0122
-3020894579883155279 1434
4674580289464428549 1535
-8840401345455849854 3444
2735762563558715387 1222
-3020894579883155279 1434
4674580289464428549 1535
-8840401345455849854 3444
2735762563558715387 0614
-3020894579883155279 1434
4674580289464428549 1535
-8840401345455849854 3444
2735762563558715387 1737
-3020894579883155279 1434
4674580289464428549 1535
-8840401345455849854 3444
2735762563558715387 3546
4200110632216397355 0625
-3020894579883155279 1434
4674580289464428549 1535
-8840401345455849854 3444
2735762563558715387 3546
4200110632216397355 0625
-6424790885982444680 1333
2014167212674993075 2546
-3020894579883155279 1434
-5204409473908240105 3445
-3020894579883155279 1434
-5204409473908240105 3444
6678996566226018002 0122
-3020894579883155279 1434
4674580289464428549 1535
-8840401345455849854 3444
650514144553454595 0625
1664128026240735001 3544
1039203762834046163 1333
1502641824773442183 0122
5642861899847846608 0541
-3020894579883155279 1434
4674580289464428549 1535
-8840401345455849854 3444
650514144553454595 0625
1664128026240735001 3544
1039203762834046163 1333
1502641824773442183 0122
-3020894579883155279 1434
4674580289464428549 1535
-8840401345455849854 3444
650514144553454595 0625
1664128026240735001 3544
1039203762834046163 1333
1502641824773442183 0122
5642861899847846608 1020
-3020894579883155279 1434
4674580289464428549 1535
-8840401345455849854 3444
650514144553454595 0625
1664128026240735001 3544
1039203762834046163 1333
1502641824773442183 0122
5642861899847846608 0213
-3020894579883155279 1434
-5204409473908240105 3444
4647139069984927135 1333
-3020894579883155279 1434
4674580289464428549 1535
-8840401345455849854 3444
650514144553454595 0625
1664128026240735001 3544
1039203762834046163 1333
-3020894579883155279 1434
4674580289464428549 1535
-8840401345455849854 3444
650514144553454595 0625
1664128026240735001 3544
1039203762834046163 0122
6700595102378126932 2214
-3020894579883155279 1434
4674580289464428549 1535
-8840401345455849854 3444
650514144553454595 0625
1664128026240735001 3544
1039203762834046163 1333
1502641824773442183 1232
-6623253757505297125 3343
-3020894579883155279 1434
4674580289464428549 1535
-8840401345455849854 3444
650514144553454595 0625
1664128026240735001 3544
1039203762834046163 1333
1502641824773442183 1232
-3020894579883155279 1434
4674580289464428549 1535
-8840401345455849854 3444
650514144553454595 0625
1664128026240735001 3544
1039203762834046163 1333
1502641824773442183 1232
-6623253757505297125 0246
-3020894579883155279 1434
4674580289464428549 1535
-8840401345455849854 3444
650514144553454595 0625
1664128026240735001 3544
1039203762834046163 0122
6700595102378126932 0541
-3020894579883155279 1232
-3020894579883155279 1333
6534230011237739526 0625
-122084910049597122 0235
-8448216885254807532 0122
-3020894579883155279 1333
6534230011237739526 0235
-3020894579883155279 1333
6534230011237739526 0235
8066630973436035561 1434
-3020894579883155279 1333
6534230011237739526 0235
8066630973436035561 1434
-1343416561442185827 0122
-3020894579883155279 1333
6534230011237739526 0235
8066630973436035561 1434
-1343416561442185827 0122
7082214782952214175 0434
-3020894579883155279 1333
6534230011237739526 0235
8066630973436035561 1424
-7589433307967167755 0625
-3020894579883155279 1333
6534230011237739526 0235
8066630973436035561 1424
-7589433307967167755 0625
-5987709304191601936 0113
-3020894579883155279 1333
6534230011237739526 0235
8066630973436035561 1424
8769738736889984331 0625
-3020894579883155279 1434
-3742430208564515430 1333
3009412692573867880 0625
-3621244681882657178 0541
-3020894579883155279 1434
4674580289464428549 1535
7103308397859616018 0122
7187945402244650543 3444
5842447560652384438 0541
-3020894579883155279 1434
4674580289464428549 1535
7103308397859616018 0122
2840413124446892227 0614
-3020894579883155279 1434
4674580289464428549 1535
2574810298193566321 3443
-5503721048212266055 0122
-3020894579883155279 1434
4674580289464428549 1535
2574810298193566321 3443
-5503721048212266055 1333
-3020894579883155279 1434
4674580289464428549 1535
2574810298193566321 3443
-5503721048212266055 0532
-3020894579883155279 1333
22929686141209230 1535
-3020894579883155279 1333
22929686141209230 1434
-7998428438690138007 3343
-3020894579883155279 1333
22929686141209230 1434
-7998428438690138007 3343
6125557718987353340 1131
-3020894579883155279 1333
22929686141209230 1434
-7998428438690138007 3343
6125557718987353340 0113
-3020894579883155279 1333
22929686141209230 1434
-7998428438690138007 3343
6125557718987353340 0122
-3020894579883155279 1333
22929686141209230 1434
-7998428438690138007 3343
6125557718987353340 1030
-3020894579883155279 1333
22929686141209230 1434
-7998428438690138007 3343
6125557718987353340 0625
-3020894579883155279 1333
22929686141209230 1434
-7998428438690138007 3343
6125557718987353340 0625
5504650434103034279 1131
-1002485805004450703 0113
-5181830767344393797 1030
-3020894579883155279 1333
22929686141209230 1424
-3020894579883155279 1333
22929686141209230 1434
-7998428438690138007 0625
-2562493238927074838 2533
7913401104132343511 3321
-6215443364030110503 0120
-3020894579883155279 1333
22929686141209230 1434
-7998428438690138007 0625
-2562493238927074838 2533
7913401104132343511 3321
-6215443364030110503 1030
-3020894579883155279 1333
22929686141209230 1434
-7998428438690138007 0625
-2562493238927074838 2533
7913401104132343511 3321
-6215443364030110503 1232
-3020894579883155279 1333
22929686141209230 1434
-7998428438690138007 0625
-2562493238927074838 2533
7913401104132343511 3321
-6215443364030110503 1030
-5347352189431880914 0122
6765574506164251362 3040
8126623125197836625 0224
3219353591390527381 0424
-3020894579883155279 1333
22929686141209230 1626
-3020894579883155279 1333
22929686141209230 1434
-7998428438690138007 3344
-5916085243585374869 0224
7346967602125998289 1525
1132999596707940552 0532
-3020894579883155279 1333
22929686141209230 1434
-7998428438690138007 3344
-3020894579883155279 1333
22929686141209230 1434
-7998428438690138007 0625
-2562493238927074838 2533
7407035905316311395 3352
-5273472171444047352 0235
-3020894579883155279 1333
22929686141209230 0625
7145158579592368846 0422
-3020894579883155279 1333
22929686141209230 0235
-3020894579883155279 1333
22929686141209230 1434
-7998428438690138007 0625
-2562493238927074838 2533
7962025574316362244 3341
-2654000491568723400 0224
-8401535990139459605 0122
-4159205654560635626 0413
-6035502844629932623 4133
-4841103364975759522 1333
-3020894579883155279 1333
22929686141209230 1434
-7998428438690138007 0625
-2562493238927074838 2533
7962025574316362244 3341
-3020894579883155279 1333
22929686141209230 1434
-7998428438690138007 0625
-2562493238927074838 2533
7962025574316362244 0122
1289471658502546342 3321
-3020894579883155279 1333
22929686141209230 1434
-7998428438690138007 0625
-2562493238927074838 2533
7962025574316362244 0235
8825468930239395178 3341
8453722253846069538 0413
194738370836650965 3526
-3020894579883155279 1333
22929686141209230 1434
-7998428438690138007 0625
-2562493238927074838 2533
-3020894579883155279 1333
22929686141209230 1434
-7998428438690138007 1222
-3020894579883155279 1333
22929686141209230 1434
-7998428438690138007 1222
6368219030899329206 2233
8220679218152281851 0122
1495346182982850003 0235
-3020894579883155279 1333
22929686141209230 1434
-7998428438690138007 0614
-3020894579883155279 1333
22929686141209230 1434
-7998428438690138007 3344
-5916085243585374869 1535
-3184052452575259487 0625
-3020894579883155279 1333
22929686141209230 1434
-7998428438690138007 3344
-5916085243585374869 1535
-3020894579883155279 1333
22929686141209230 1434
-7998428438690138007 3344
-5916085243585374869 1535
-3184052452575259487 3545
-3020894579883155279 1333
22929686141209230 1434
-7998428438690138007 0625
-2562493238927074838 1222
-3020894579883155279 1333
22929686141209230 1434
-7998428438690138007 0625
-3020894579883155279 1333
22929686141209230 0625
7145158579592368846 0122
-3020894579883155279 1333
22929686141209230 1434
-7998428438690138007 0625
-2562493238927074838 0235
-3020894579883155279 1434
4674580289464428549 1535
7103308397859616018 1121
-8842509231718994123 0211
-9064103480895754356 0122
-3020894579883155279 1434
4674580289464428549 1535
7103308397859616018 1121
-8842509231718994123 0211
-3020894579883155279 1434
4674580289464428549 1535
7103308397859616018 1121
-3020894579883155279 1434
4674580289464428549 1535
7103308397859616018 1121
-8842509231718994123 0211
-2658117254322159874 0437
-3020894579883155279 1434
4674580289464428549 1535
7103308397859616018 1121
-8842509231718994123 0211
-2658117254322159874 0122
-3020894579883155279 1333
6534230011237739526 1434
-675794332614370679 0434
-1665976965931053934 3423
-3020894579883155279 1020
-3020894579883155279 1434
-3742430208564515430 0122
-2640281458425721977 1323
-7917434708790333898 0224
-3020894579883155279 1434
-3742430208564515430 0122
-2640281458425721977 1323
-7917434708790333898 0224
-1193991763426436663 1525
-3020894579883155279 1333
6534230011237739526 1434
-675794332614370679 1525
-3020894579883155279 1434
-8420673533278351155 1121
-2806068803623993735 0211
-7154275548386093846 0120
-3020894579883155279 1434
-8420673533278351155 1333
2310842337903388335 0625
-40726341525756725 1222
-3020894579883155279 1434
-8420673533278351155 1535
-2349696580040313220 1121
-5378667518878644342 0211
-3020894579883155279 1434
-8420673533278351155 1535
-2349696580040313220 1121
-5378667518878644342 0211
3838052083707692482 0120
-3020894579883155279 1434
-8420673533278351155 1121
-3020894579883155279 1434
-8420673533278351155 1535
-2349696580040313220 1121
-3020894579883155279 1434
-8420673533278351155 0541
-3020894579883155279 1434
-8420673533278351155 1020
-9062854741909883948 1131
-3020894579883155279 1434
-8420673533278351155 0424
-3020894579883155279 1434
-8420673533278351155 1020
-3020894579883155279 1434
-8420673533278351155 1131
-3020894579883155279 1434
-8420673533278351155 1535
-2349696580040313220 1121
8923805227686680446 0211
-5932361382163575199 0122
-3020894579883155279 1434
-8420673533278351155 1535
-2349696580040313220 0625
-3020894579883155279 1434
-8420673533278351155 0625
-3020894579883155279 1434
-8420673533278351155 1535
-2984327579692090664 0625
-3020894579883155279 1434
-8420673533278351155 1333
2310842337903388335 0625
-40726341525756725 0541
-3020894579883155279 1434
-8420673533278351155 1333
2310842337903388335 0625
-40726341525756725 0541
-141320802560998884 1222
-3020894579883155279 1535
-8231317785079840745 0122
5612345373596066353 1121
-3020894579883155279 1535
-8231317785079840745 0122
5612345373596066353 1626
-8465441725142410209 0516
1599417771067681006 1323
-3020894579883155279 1535
5869073961324041346 0625
-5495382392024439228 3544
-6720956039488286443 0122
-3020894579883155279 1535
5869073961324041346 0625
2165155069844771576 0122
-5335689293431039149 1333
-3020894579883155279 1535
5869073961324041346 0625
-5679151437146029166 1333
7992782218974838654 3343
-3020894579883155279 1535
5869073961324041346 0625
-5679151437146029166 1333
-3020894579883155279 1535
5869073961324041346 0122
-3020894579883155279 1535
5869073961324041346 0625
-3020894579883155279 1535
5869073961324041346 0625
-5679151437146029166 0122
4372332430216551936 1333
-632431546322993399 0224
-3020894579883155279 1535
5869073961324041346 0625
-5679151437146029166 0122
-1987508806015533568 1131
-3020894579883155279 1535
-3020894579883155279 1535
-570786469287676697 0625
2201712792024679728 1121
4217617927964572246 0211
-3046619186437306127 1424
-85482225741373019 1333
-3020894579883155279 1535
-570786469287676697 0625
2201712792024679728 1121
4217617927964572246 0211
-3046619186437306127 1424
-3020894579883155279 1535
-570786469287676697 0625
2201712792024679728 0122
-9058683009586076864 1333
-3020894579883155279 1535
-570786469287676697 0625
2201712792024679728 0122
-9058683009586076864 1121
-3020894579883155279 1535
-570786469287676697 0625
2201712792024679728 0122
-9058683009586076864 1424
-3020894579883155279 1535
-570786469287676697 0625
2201712792024679728 0122
-9058683009586076864 1727
-3020894579883155279 1535
-570786469287676697 0625
2201712792024679728 0122
-9058683009586076864 1323
-3020894579883155279 1535
-570786469287676697 0625
3277446813559080688 0122
-3020894579883155279 1535
-570786469287676697 0625
2201712792024679728 1121
4217617927964572246 0211
-3046619186437306127 0706
-3020894579883155279 1535
-570786469287676697 0122
-3020894579883155279 1535
-570786469287676697 0625
-3020894579883155279 1535
-570786469287676697 0625
2201712792024679728 0122
-3020894579883155279 1535
-570786469287676697 0625
-7688691791637601360 1121
-3020894579883155279 1535
388441580935740820 0122
-1210984241516577060 1434
-3020894579883155279 1535
388441580935740820 0625
-1633917728100123396 1121
-1319889850628794389 0211
-2696984823789904067 1333
-3020894579883155279 1535
388441580935740820 0625
-3102304929062464193 1121
-3020894579883155279 1535
388441580935740820 0625
-1633917728100123396 1121
-3020894579883155279 1535
388441580935740820 0625
-3020894579883155279 1535
388441580935740820 0625
-1633917728100123396 1121
-1319889850628794389 0211
-2696984823789904067 0122
-3020894579883155279 1333
6534230011237739526 1535
-3020894579883155279 1434
-6163637524131657622 1323
-3020894579883155279 1333
6534230011237739526 0122
-2625349263717310718 0625
-3074273444120754145 1727
-3020894579883155279 1333
6534230011237739526 0122
-2625349263717310718 0625
-3074273444120754145 0235
-3020894579883155279 1333
6534230011237739526 0122
-2625349263717310718 0625
-3074273444120754145 0235
8431734253667663797 3562
-3020894579883155279 1333
6534230011237739526 0122
-2625349263717310718 0625
-3074273444120754145 0246
-1777329402365212351 4655
-3020894579883155279 1333
6534230011237739526 0122
-2625349263717310718 0625
-3074273444120754145 1434
-3020894579883155279 1333
6534230011237739526 0122
-2625349263717310718 0625
-3074273444120754145 1434
-4299139601403852549 2544
-3020894579883155279 1333
6534230011237739526 0122
-2625349263717310718 0625
-3074273444120754145 1434
-3548914135449909338 2243
-3020894579883155279 1333
6534230011237739526 0122
-2625349263717310718 0625
-3074273444120754145 0246
-3020894579883155279 1333
6534230011237739526 0122
-2625349263717310718 0625
-3074273444120754145 0246
-1658353167380678579 2234
-3020894579883155279 1333
-6524000261775670403 1434
1135242258126226580 3343
-6626481997444286223 1525
-3020894579883155279 1333
-6524000261775670403 1434
1135242258126226580 3343
-3020894579883155279 1333
-6524000261775670403 1434
1135242258126226580 3343
-6626481997444286223 1525
-8152350204828234250 0122
8777854484568735567 1727
-3020894579883155279 1333
-6524000261775670403 1434
1135242258126226580 3343
-6626481997444286223 1525
-8152350204828234250 0122
8777854484568735567 0224
-3020894579883155279 1333
-6524000261775670403 1434
1135242258126226580 3343
-6626481997444286223 0431
-3020894579883155279 1333
-6524000261775670403 1434
1135242258126226580 3343
-6626481997444286223 0431
1310260095094295441 0122
-3020894579883155279 1333
-6524000261775670403 1434
1135242258126226580 3343
-6626481997444286223 0122
-3020894579883155279 1333
-6524000261775670403 1434
1135242258126226580 3343
-6626481997444286223 1525
-8152350204828234250 0122
-3020894579883155279 1333
-6524000261775670403 1434
1135242258126226580 3343
-6626481997444286223 0122
666311484007434082 0224
-3020894579883155279 1333
-6524000261775670403 1434
1135242258126226580 0523
-3020894579883155279 1333
-6524000261775670403 1434
1135242258126226580 0625
633421057418961338 0541
5819918527561008479 3343
-2318297744553425451 1030
-3020894579883155279 1333
-6524000261775670403 0413
-3020894579883155279 1333
-6524000261775670403 1434
1135242258126226580 0625
633421057418961338 0541
5819918527561008479 3343
-2318297744553425451 4163
-7000004992410836499 2546
-3020894579883155279 1333
-6524000261775670403 1434
1135242258126226580 0625
633421057418961338 3344
-3020894579883155279 1333
-6524000261775670403 1434
1135242258126226580 0625
633421057418961338 0541
5819918527561008479 3343
-2318297744553425451 4163
-7000004992410836499 0431
-3020894579883155279 1333
-6524000261775670403 1434
1135242258126226580 0625
633421057418961338 0541
5819918527561008479 4152
-4949251794603000462 3343
-8453233077402009559 0431
-3020894579883155279 1333
-6524000261775670403 1434
1135242258126226580 0625
633421057418961338 0541
5819918527561008479 4152
-3020894579883155279 1333
-6524000261775670403 1434
1135242258126226580 0625
633421057418961338 0541
5819918527561008479 3343
-2318297744553425451 4163
-7000004992410836499 0414
-3020894579883155279 1333
-6524000261775670403 1434
1135242258126226580 0625
633421057418961338 3343
-3020894579883155279 1333
-6524000261775670403 1434
1135242258126226580 0625
633421057418961338 0541
5819918527561008479 3343
-2318297744553425451 4163
-7000004992410836499 1232
-3020894579883155279 1333
-6524000261775670403 1434
1135242258126226580 0625
633421057418961338 0224
-3020894579883155279 1333
-6524000261775670403 1434
1135242258126226580 3344
-3020894579883155279 1333
-6524000261775670403 1434
1135242258126226580 3344
8651268667867651400 1535
-3020894579883155279 1333
-6524000261775670403 1434
1135242258126226580 3344
8651268667867651400 0625
-1269713824679952275 0541
-3020894579883155279 1333
-6524000261775670403 1626
-3020894579883155279 1333
-6524000261775670403 1626
1860043551292113321 0516
-3020894579883155279 1333
-6524000261775670403 1424
-3020894579883155279 1333
-6524000261775670403 0122
-3020894579883155279 1333
-6524000261775670403 1232
-3020894579883155279 1333
-6524000261775670403 1434
1135242258126226580 0625
633421057418961338 0541
443753940355564689 3343
8566859371805919393 4130
-3020894579883155279 1333
-6524000261775670403 1434
1135242258126226580 0625
633421057418961338 0541
443753940355564689 3343
8566859371805919393 4352
-3020894579883155279 1333
-6524000261775670403 1434
1135242258126226580 0625
633421057418961338 0541
443753940355564689 3343
8566859371805919393 4105
-3020894579883155279 1333
-6524000261775670403 1434
1135242258126226580 0625
633421057418961338 0541
443753940355564689 3344
-3020894579883155279 1333
-6524000261775670403 1434
1135242258126226580 0625
633421057418961338 0541
443753940355564689 3343
8566859371805919393 4123
-3020894579883155279 1333
-6524000261775670403 1434
1135242258126226580 0625
633421057418961338 0541
443753940355564689 0113
-3020894579883155279 1333
-6524000261775670403 1434
-3020894579883155279 1333
-6524000261775670403 1434
1135242258126226580 0625
-3020894579883155279 1333
-6524000261775670403 0625
8389980160688467816 1232
-3020894579883155279 1333
-6524000261775670403 0625
-3020894579883155279 1333
-6524000261775670403 1121
-3020894579883155279 1333
-6524000261775670403 1424
-2655331462724509583 0614
-3934107269439165843 0122
2016174284434063579 0213
-3020894579883155279 1333
-6524000261775670403 1434
1135242258126226580 0224
-3020894579883155279 1333
-6524000261775670403 3343
-3020894579883155279 1333
-6524000261775670403 1434
1135242258126226580 0625
633421057418961338 3343
3124368414576190946 1232
-1554146214228767784 0122
-3020894579883155279 1333
-6524000261775670403 1434
1135242258126226580 0625
633421057418961338 3343
3124368414576190946 1232
-1554146214228767784 0122
-5547584238872458946 0523
-3020894579883155279 1333
-6524000261775670403 1434
1135242258126226580 0614
-3020894579883155279 1333
-6524000261775670403 1434
1135242258126226580 0614
-6426684022201632448 3343
3110292623590453985 0224
2696875332529495135 1525
249984614693556029 0113
-6548933591523118483 2534
-3020894579883155279 1333
-6524000261775670403 1434
1135242258126226580 0614
-5984644284628612575 0122
-3020894579883155279 1333
-6524000261775670403 1434
1135242258126226580 0614
-5984644284628612575 1525
-3020894579883155279 1333
-6524000261775670403 1434
1135242258126226580 0614
-6426684022201632448 3343
3110292623590453985 1232
-3020894579883155279 1333
-6524000261775670403 0625
8389980160688467816 0122
-3020894579883155279 1333
-6524000261775670403 1434
1135242258126226580 0625
-8161725349777317902 3343
-1417059106627685053 1727
-3020894579883155279 1333
-6524000261775670403 1434
1135242258126226580 0625
-8161725349777317902 3343
-1417059106627685053 1727
-4377035496908539980 1625
-3020894579883155279 1333
-6524000261775670403 1434
1135242258126226580 0625
-8161725349777317902 3343
-1417059106627685053 1727
-4377035496908539980 1625
-6807742203791628453 2737
-3020894579883155279 1333
-6524000261775670403 1434
1135242258126226580 0625
-8161725349777317902 3343
-3020894579883155279 1333
-6524000261775670403 1434
1135242258126226580 0625
-8161725349777317902 3343
-1417059106627685053 0431
-3020894579883155279 1333
-6524000261775670403 1434
1135242258126226580 0625
-8161725349777317902 0113
-3020894579883155279 1333
-6524000261775670403 1434
1135242258126226580 0625
-8161725349777317902 3343
-1417059106627685053 0514
-3020894579883155279 1333
-6524000261775670403 1434
1135242258126226580 0625
-8161725349777317902 3343
-1417059106627685053 0514
-7274035502766410242 1232
-3020894579883155279 1333
-6524000261775670403 1434
1135242258126226580 0625
-8161725349777317902 3344
-3020894579883155279 1333
-6524000261775670403 1434
1135242258126226580 0625
-8161725349777317902 3344
-2266747470829025579 0224
7023034917796180462 0440
-3020894579883155279 1333
-6524000261775670403 1434
1135242258126226580 0625
-8161725349777317902 0514
-3020894579883155279 1333
-6524000261775670403 1434
1135242258126226580 0625
-8161725349777317902 0514
-3691943399288872558 0431
5611291780480983343 3161
-4991140406709675743 6150
-3020894579883155279 1333
-6524000261775670403 1434
1135242258126226580 0625
-8161725349777317902 3343
-1417059106627685053 1727
-4377035496908539980 1625
-6807742203791628453 0431
-3020894579883155279 1333
-6524000261775670403 1434
1135242258126226580 0625
-8161725349777317902 3343
-1417059106627685053 1727
-4377035496908539980 1625
-6807742203791628453 0431
8178537901667392037 3161
1798402759995844653 6160
4053886605558137900 0113
-3020894579883155279 1333
-6524000261775670403 1434
1135242258126226580 0625
-8161725349777317902 3343
-1417059106627685053 1727
-4377035496908539980 1625
-6807742203791628453 0431
8178537901667392037 3161
1798402759995844653 6160
4053886605558137900 0304
-3020894579883155279 1333
-6524000261775670403 1434
1135242258126226580 0625
-8161725349777317902 3343
-1417059106627685053 1727
-4377035496908539980 1625
-6807742203791628453 0122
-3020894579883155279 1333
-6524000261775670403 1434
1135242258126226580 0625
-8161725349777317902 1727
-3020894579883155279 1333
-6524000261775670403 0122
-6007169307562753752 3343
1455376079826292668 1636
-3020894579883155279 1131
-3020894579883155279 1131
2249569431059153847 0211
6674086426902603863 1535
-3020894579883155279 1434
4674580289464428549 1535
-1395782261375336612 0625
-5836563850449111235 0532
-3020894579883155279 1434
4674580289464428549 1535
-1395782261375336612 0625
-5836563850449111235 3544
857970856523526344 1333
-1556683041291748511 1625
-3411375274323355005 0235
-3020894579883155279 1434
4674580289464428549 1535
-1395782261375336612 0625
-5836563850449111235 3544
857970856523526344 1333
-1556683041291748511 1625
-3411375274323355005 0122
-3020894579883155279 1434
4674580289464428549 1535
-1395782261375336612 0625
-5836563850449111235 3544
857970856523526344 1333
-1556683041291748511 1625
-3411375274323355005 0122
-1302353353045226294 1020
-3020894579883155279 1434
4674580289464428549 1535
-1395782261375336612 0625
-5836563850449111235 3544
857970856523526344 2537
-3020894579883155279 1434
4674580289464428549 1535
-1395782261375336612 0625
-5836563850449111235 0122
-5725022696428231524 0437
-3020894579883155279 1434
4674580289464428549 1535
-1395782261375336612 0625
-5836563850449111235 1222
-3020894579883155279 1434
4674580289464428549 1535
-1395782261375336612 0625
-5836563850449111235 0122
-5725022696428231524 0426
-3020894579883155279 1434
4674580289464428549 1535
-1395782261375336612 0625
-5836563850449111235 0426
-3020894579883155279 1434
4674580289464428549 1535
-1395782261375336612 0625
-5836563850449111235 0122
-5725022696428231524 1323
-3020894579883155279 1434
4674580289464428549 1535
-1395782261375336612 0625
-5836563850449111235 0122
-5725022696428231524 0532
-3020894579883155279 1434
4674580289464428549 1535
-1395782261375336612 0625
-5836563850449111235 0122
-5725022696428231524 0541
-3020894579883155279 1434
4674580289464428549 1535
-1395782261375336612 0625
-5836563850449111235 1030
-3020894579883155279 1121
-3020894579883155279 1434
4674580289464428549 1535
-1395782261375336612 3444
-3020894579883155279 1434
4674580289464428549 1535
-1395782261375336612 1222
-3020894579883155279 1434
4674580289464428549 1535
7103308397859616018 0122
-3020894579883155279 1434
4674580289464428549 0122
-3020894579883155279 1434
4674580289464428549 0122
-8936895324615937461 0532
-3020894579883155279 1434
4674580289464428549 0122
1355929651567334922 0532
-3020894579883155279 1434
4674580289464428549 1535
-3020894579883155279 1434
4674580289464428549 0122
1355929651567334922 1121
-3020894579883155279 1434
4674580289464428549 1535
7103308397859616018 0541
-3020894579883155279 1434
4674580289464428549 1121
-3020894579883155279 1434
4674580289464428549 0122
-8936895324615937461 1323
-3020894579883155279 1333
6534230011237739526 0122
-2625349263717310718 0235
7109661845638645751 1525
-5351904255650024669 1636
-3020894579883155279 1333
6534230011237739526 0122
-2625349263717310718 0235
7109661845638645751 1525
-5351904255650024669 1434
-3020894579883155279 1333
6534230011237739526 0122
-2625349263717310718 0235
7109661845638645751 1525
-3020894579883155279 1333
6534230011237739526 0122
-2625349263717310718 0235
7109661845638645751 1525
-5351904255650024669 1424
-3020894579883155279 1333
6534230011237739526 0122
-2625349263717310718 0235
7109661845638645751 1525
-5351904255650024669 1434
8434136425256577332 2534
-3020894579883155279 1333
6534230011237739526 0122
-2625349263717310718 0235
7109661845638645751 1636
4331118983513668194 1525
-6991069598630166328 1434
8664031493840181047 0426
-3020894579883155279 1333
6534230011237739526 0122
-2625349263717310718 0235
-3020894579883155279 1333
6534230011237739526 0122
-2625349263717310718 0235
7109661845638645751 1424
-3020894579883155279 1333
6534230011237739526 0122
-2625349263717310718 0235
7109661845638645751 1424
-3821524227189510716 0625
7982772859388899561 0541
-3020894579883155279 1333
6534230011237739526 0122
-2625349263717310718 0235
7109661845638645751 1424
-3821524227189510716 0625
-3020894579883155279 1333
6534230011237739526 0122
-2625349263717310718 0235
-1992839241116341431 2241
-8691495876076024103 3344
2539809245262223933 4162
-3020894579883155279 1333
6534230011237739526 0122
-2625349263717310718 0235
-1992839241116341431 1424
-3020894579883155279 1333
6534230011237739526 0122
-2625349263717310718 0235
-1992839241116341431 1434
-5667708090724777963 2241
-3020894579883155279 1333
6534230011237739526 0122
-2625349263717310718 0235
-1992839241116341431 2241
-8691495876076024103 3344
-6779181218429987212 3546
-3020894579883155279 1333
6534230011237739526 0122
-2625349263717310718 0235
-1992839241116341431 2241
-8691495876076024103 3344
-6779181218429987212 3546
6479503351575296864 4455
6488800796170422266 0422
-3020894579883155279 1333
6534230011237739526 0122
-2625349263717310718 0235
-1992839241116341431 2241
-8691495876076024103 3344
-6779181218429987212 1424
-3020894579883155279 1333
6534230011237739526 0122
-2625349263717310718 0235
-1992839241116341431 2241
3083298203011521330 3562
-3020894579883155279 1333
6534230011237739526 0122
-2625349263717310718 0235
-1992839241116341431 2241
3083298203011521330 4162
-3020894579883155279 1030
-3020894579883155279 1434
4466053486634260985 1535
5455576347988560673 0625
-3020894579883155279 1333
6534230011237739526 0113
-3020894579883155279 1333
6534230011237739526 1424
-3020894579883155279 1333
6534230011237739526 1525
-3020894579883155279 1333
6534230011237739526 0122
-2625349263717310718 0213
-3020894579883155279 1333
6534230011237739526 0122
-2625349263717310718 0213
8003193424120101290 1424
3979294165365338248 0614
-3020894579883155279 1333
6534230011237739526 1232
-7516462264182869908 0235
-3020894579883155279 1333
6534230011237739526 1232
-7516462264182869908 0235
-7086985389205062324 0625
-3020894579883155279 1333
6534230011237739526 1232
-7516462264182869908 0122
-5039733461041720244 1030
6076027763005814458 2243
4909137868698748732 1434
-3020894579883155279 1333
6534230011237739526 1232
-7516462264182869908 0122
-3020894579883155279 1333
6534230011237739526 1232
-7516462264182869908 0625
-3020894579883155279 1333
6534230011237739526 1232
4744026030497337425 0122
-3458740694763187479 1525
-3020894579883155279 1333
6534230011237739526 1232
-7211425162587277469 3344
4124448668708457787 1424
-3020894579883155279 1333
6534230011237739526 1232
-7211425162587277469 3344
4124448668708457787 1424
-5291156513587997294 2433
-3020894579883155279 1333
6534230011237739526 1232
-3020894579883155279 0122
-4544745424558567512 1121
-3020894579883155279 0122
-4544745424558567512 1121
3713130346981075417 0211
-3020894579883155279 0122
2830291809926950619 1121
340555407348685232 1636
-3020894579883155279 1434
4674580289464428549 1535
-1395782261375336612 0625
-1857090900720992075 1333
-3454023442206776352 0541
-3020894579883155279 1434
4674580289464428549 1535
-1395782261375336612 0625
-1857090900720992075 0122
4139272424128215303 1121
-3020894579883155279 1434
4674580289464428549 1535
-1395782261375336612 1121
-3020894579883155279 1434
4674580289464428549 1535
-1395782261375336612 0625
-1857090900720992075 1333
-3454023442206776352 1232
-3020894579883155279 1434
4674580289464428549 1535
-1395782261375336612 0625
-1857090900720992075 1333
-3454023442206776352 0113
-3020894579883155279 1434
4674580289464428549 1535
-1395782261375336612 0625
-1857090900720992075 1333
-3454023442206776352 1020
-3020894579883155279 1434
4674580289464428549 1535
-1395782261375336612 0625
-1857090900720992075 1333
-3020894579883155279 1434
4674580289464428549 1535
-1395782261375336612 0625
-1857090900720992075 1333
-3454023442206776352 1121
-3020894579883155279 1434
4674580289464428549 1535
-1395782261375336612 0122
-3020894579883155279 1434
4674580289464428549 1535
-1395782261375336612 0625
-1857090900720992075 1333
-3454023442206776352 0122
-3020894579883155279 1434
4674580289464428549 1535
-1395782261375336612 0625
-1857090900720992075 1333
-3454023442206776352 0213
-3020894579883155279 1434
4674580289464428549 1535
-1395782261375336612 0625
-1857090900720992075 1333
-3454023442206776352 1222
-3020894579883155279 1434
4674580289464428549 1535
-1395782261375336612 0625
-1857090900720992075 0122
4139272424128215303 0541
-3020894579883155279 1333
6534230011237739526 0122
-2625349263717310718 1121
-3020894579883155279 1333
6534230011237739526 0122
686831945686654959 3342
-3020894579883155279 1333
6534230011237739526 0122
686831945686654959 2243
5121305089469724408 1434
211469069778310085 4335
-3020894579883155279 1333
6534230011237739526 0122
686831945686654959 2243
5121305089469724408 4335
-5103201749498426167 0625
-3020894579883155279 1333
6534230011237739526 0122
686831945686654959 1434
-3020894579883155279 1333
-8454773348458170554 1434
8617548689479550714 0625
-2886874387630376185 1232
-3020894579883155279 1333
-8454773348458170554 1434
8617548689479550714 0625
-2886874387630376185 1131
-3020894579883155279 1333
-8454773348458170554 1434
8617548689479550714 1222
-3020894579883155279 1434
-3742430208564515430 0122
-2640281458425721977 0532
9003216249812857980 1323
-7397155618995331613 0625
-3020894579883155279 1424
-3020894579883155279 1434
4900839267588812283 1535
-6674053645240471546 0625
6772256929842222349 1333
-3020894579883155279 1434
4900839267588812283 1535
-6674053645240471546 1333
-5645293935781032226 0523
7751756777622410659 1222
-3020894579883155279 1333
6197992017883514640 1434
904425312888787370 0235
-3020894579883155279 1333
6197992017883514640 1434
904425312888787370 0122
-7782816866793859035 1525
-3020894579883155279 1333
6197992017883514640 1434
904425312888787370 0625
-1369702628570913998 1232
-3020894579883155279 1333
6197992017883514640 1434
904425312888787370 0625
-3020894579883155279 1333
6197992017883514640 1434
904425312888787370 1232
-3020894579883155279 1333
6197992017883514640 1434
904425312888787370 0625
-1369702628570913998 0122
-3020894579883155279 1434
4674580289464428549 1535
-1395782261375336612 1121
-5114150862482776850 0211
8826296459100629913 3544
1915211146695283583 1333
-7931721572682146078 0113
-3020894579883155279 1434
4674580289464428549 1535
-1395782261375336612 1121
-5114150862482776850 0211
8826296459100629913 0122
-3020894579883155279 1434
4674580289464428549 1535
7103308397859616018 0625
-1747072829121202192 0415
-3020894579883155279 1434
4674580289464428549 1535
7103308397859616018 0625
-1747072829121202192 0415
3710174756090079043 1727
-5239687880639870146 1525
-5515682058439778543 2515
-3020894579883155279 1434
4674580289464428549 1535
7103308397859616018 0625
-1747072829121202192 0415
3710174756090079043 1727
-3020894579883155279 1434
4674580289464428549 1535
7103308397859616018 0625
-1747072829121202192 1323
-8315845909413018541 0113
-3020894579883155279 1434
4674580289464428549 1535
7103308397859616018 0625
-1747072829121202192 1323
-3812676166967496912 0113
-3020894579883155279 1434
4674580289464428549 1535
7103308397859616018 0625
-1747072829121202192 1222
-3020894579883155279 1434
4674580289464428549 1535
7103308397859616018 0625
-1747072829121202192 0541
-3020894579883155279 1434
4674580289464428549 1535
7103308397859616018 0625
-1747072829121202192 1323
-3020894579883155279 1434
4674580289464428549 1535
7103308397859616018 0625
-1747072829121202192 1121
-3020894579883155279 1434
4674580289464428549 1535
7103308397859616018 0625
-1747072829121202192 1727
3164096219572574819 1625
-2465879849777720468 1222
4913539216103904927 3544
-3020894579883155279 1434
4674580289464428549 1535
7103308397859616018 0625
-1747072829121202192 1727
3164096219572574819 1625
-2465879849777720468 1323
-3020894579883155279 1434
4674580289464428549 1535
7103308397859616018 0625
-1747072829121202192 1727
3164096219572574819 1625
-3020894579883155279 1434
4674580289464428549 1535
7103308397859616018 0625
-1747072829121202192 1727
3164096219572574819 1625
-2465879849777720468 1222
4913539216103904927 3544
-5493407799674059936 3445
-3020894579883155279 1434
4674580289464428549 1535
7103308397859616018 0625
-1747072829121202192 0426
-3020894579883155279 1434
4674580289464428549 1535
7103308397859616018 0625
-1747072829121202192 0122
-3020894579883155279 1434
4674580289464428549 1535
7103308397859616018 0625
-1747072829121202192 0122
1767906846040941254 0541
8726969590911126756 2214
-3020894579883155279 1626
-3020894579883155279 1333
-7489495626332457654 0122
-3020894579883155279 1333
-7489495626332457654 1434
4517062301971669614 3444
-3020894579883155279 1333
-7489495626332457654 1434
4517062301971669614 3443
4973443664727374110 0122
-3020894579883155279 1333
-7489495626332457654 0122
-8190276031933227942 3342
-3020894579883155279 1333
-7489495626332457654 1434
-6753914320060245587 3343
-3020894579883155279 1333
-7489495626332457654 1434
-6753914320060245587 0625
-3020894579883155279 0122
-4544745424558567512 1626
-3020894579883155279 1434
4674580289464428549 1535
3982903761450007534 0625
-383861166678115507 1121
-3020894579883155279 1434
4674580289464428549 1535
3982903761450007534 0625
-383861166678115507 0122
-3020894579883155279 1434
4674580289464428549 1535
3982903761450007534 0625
-383861166678115507 1222
-3020894579883155279 1434
4674580289464428549 1535
3982903761450007534 0625
-517863378760585147 0122
2754559399702827627 1333
-3020894579883155279 1434
4674580289464428549 1535
3982903761450007534 0625
-517863378760585147 0122
-3020894579883155279 1434
4674580289464428549 1535
3982903761450007534 0625
7985623801962987975 0122
-3020894579883155279 1333
6534230011237739526 0122
873069196555689253 1434
2665849247061785814 2234
-3020894579883155279 1333
6534230011237739526 0122
873069196555689253 1434
-3020894579883155279 1333
6534230011237739526 0122
873069196555689253 1434
4499269782517147361 0235
7398384028676891900 0625
-3020894579883155279 1333
6534230011237739526 0122
873069196555689253 1434
8155121030843173572 0625
-2369753950921113755 0235
-8577480409066984315 3562
-3020894579883155279 1333
6534230011237739526 0122
873069196555689253 1434
4499269782517147361 0625
-2369753950921113755 1131
-3020894579883155279 1333
6534230011237739526 0122
873069196555689253 1434
2665849247061785814 0235
-3020894579883155279 1333
6534230011237739526 0122
873069196555689253 1434
8155121030843173572 3443
-3020894579883155279 1333
6534230011237739526 0122
873069196555689253 1434
8155121030843173572 3443
-3720525659490691421 0444
-3020894579883155279 1333
-8454773348458170554 1434
8617548689479550714 0625
1076513012021649295 0523
2540685567689632839 0414
-3020894579883155279 1333
-8454773348458170554 1434
8617548689479550714 0625
1076513012021649295 0523
2540685567689632839 1020
-3020894579883155279 1333
-8454773348458170554 1434
8617548689479550714 0625
1076513012021649295 1232
-3020894579883155279 1333
-8454773348458170554 1434
8617548689479550714 0625
1076513012021649295 1232
-6686094459666722412 0235
-3020894579883155279 1333
-8454773348458170554 1434
8617548689479550714 0625
1076513012021649295 0213
-6803432185409907645 1030
-3020894579883155279 1333
-8454773348458170554 1434
8617548689479550714 0625
1076513012021649295 0541
-3020894579883155279 1333
-8454773348458170554 1434
8617548689479550714 0625
1076513012021649295 0213
-6803432185409907645 1131
-3020894579883155279 1333
-8454773348458170554 1434
8617548689479550714 0625
1076513012021649295 0213
-3020894579883155279 1333
-8454773348458170554 1434
8617548689479550714 0625
1076513012021649295 0122
-3020894579883155279 1333
-8454773348458170554 1434
8617548689479550714 0625
1076513012021649295 0122
3413316456488642049 0213
-3020894579883155279 1333
-8454773348458170554 1434
8617548689479550714 0625
1076513012021649295 0122
3413316456488642049 1020
-3020894579883155279 1333
-8454773348458170554 1434
8617548689479550714 0625
1076513012021649295 0235
-3020894579883155279 1636
-4380572463891035218 1727
-3020894579883155279 1636
-3020894579883155279 1636
8063343991812113802 0516
-3139193101200342330 1323
-6686341406719887414 3646
-3020894579883155279 1636
-4380572463891035218 0516
-573853206127864072 1333
-3020894579883155279 1636
8063343991812113802 0122
-3020894579883155279 1333
6534230011237739526 0122
-2625349263717310718 1525
-3020894579883155279 1333
6534230011237739526 0246
-3020894579883155279 1333
6197992017883514640 1434
904425312888787370 0625
-8516211573292191141 0523
-3020894579883155279 1333
6197992017883514640 1434
904425312888787370 0625
-8516211573292191141 3444
-3020894579883155279 1434
4900839267588812283 1535
-6674053645240471546 0625
-4666168159671297499 1323
-3020894579883155279 1333
6197992017883514640 1434
904425312888787370 0625
-8516211573292191141 0122
-1256234307311530735 0523
-3020894579883155279 1333
6197992017883514640 1434
904425312888787370 0625
-8516211573292191141 0122
-1256234307311530735 3445
-3020894579883155279 1434
-3742430208564515430 0122
-2640281458425721977 1323
-3020894579883155279 1434
-3742430208564515430 0541
-3020894579883155279 1434
-3742430208564515430 0122
-2640281458425721977 0532
-3020894579883155279 1434
-3742430208564515430 1232
-3020894579883155279 1434
-3742430208564515430 0532
-3020894579883155279 1434
-3742430208564515430 1323
-578349812054201664 0224
-3020894579883155279 1434
-3742430208564515430 0122
-2640281458425721977 1121
-3020894579883155279 1434
-3742430208564515430 0122
-2640281458425721977 0541
-3020894579883155279 1434
-3742430208564515430 0625
-6689876063884052025 0541
7306310329859631964 0122
-3020894579883155279 1434
-3742430208564515430 0625
-6689876063884052025 0541
-9119690272545146871 1222
-3020894579883155279 1434
-3742430208564515430 0625
-6689876063884052025 0541
-9119690272545146871 4152
-3020894579883155279 1434
-3742430208564515430 0625
-3020894579883155279 1434
-3742430208564515430 0625
-6689876063884052025 0541
3404840229463404825 0122
-3020894579883155279 1434
-3742430208564515430 0122
-3020894579883155279 1434
-3020894579883155279 1434
-3742430208564515430 1535
1037886222408106277 0437
-3020894579883155279 1434
-3742430208564515430 1535
1037886222408106277 0122
-6479082854088463145 1333
-3020894579883155279 1434
-3742430208564515430 1535
1037886222408106277 0122
-6790787406716791735 0625
-3481130683621034932 1333
-3020894579883155279 1434
-3742430208564515430 1535
1037886222408106277 0625
-8568173440997589561 3444
7255118959473201182 0122
8307578413994183985 1333
9127855240057859196 3343
-3020894579883155279 1434
-3742430208564515430 1535
1037886222408106277 0122
-6790787406716791735 0437
-3020894579883155279 1434
-3742430208564515430 1535
1037886222408106277 0122
-3020894579883155279 1434
-3742430208564515430 1535
1037886222408106277 0122
-6790787406716791735 1323
-3020894579883155279 1434
-3742430208564515430 1535
1037886222408106277 1323
-3020894579883155279 1434
-3742430208564515430 1535
1037886222408106277 1333
-3020894579883155279 1434
-3742430208564515430 1535
1037886222408106277 0122
-6790787406716791735 0625
-3020894579883155279 1434
-3742430208564515430 1535
4878844433554994799 0122
-5515327614226998460 0541
195911546558675050 1323
1233067244686880294 0614
-3020894579883155279 1434
-3742430208564515430 1535
4878844433554994799 0625
-1676073103965062891 3544
-3020894579883155279 1434
-3742430208564515430 1535
4878844433554994799 0625
-1676073103965062891 3544
4331214839380397831 0541
-3020894579883155279 1434
-3742430208564515430 1535
4878844433554994799 0625
-1676073103965062891 3544
4331214839380397831 0541
7251234271319879378 0415
-3020894579883155279 1434
-3742430208564515430 1535
4878844433554994799 0625
-1676073103965062891 3544
4331214839380397831 0122
-6248071306150382686 0532
-3020894579883155279 1434
-3742430208564515430 1535
4878844433554994799 0625
-1676073103965062891 0122
-5932864738283805313 0532
-3020894579883155279 1434
-3742430208564515430 1535
4878844433554994799 0625
-1676073103965062891 0532
-3020894579883155279 1434
-3742430208564515430 1535
4878844433554994799 0122
-5515327614226998460 0541
-5756591650223778689 4152
-6750769588804534526 0625
-9116473367562992004 0426
-3020894579883155279 1434
-3742430208564515430 1535
4878844433554994799 0625
-1676073103965062891 0541
-3020894579883155279 1434
-3742430208564515430 1535
4878844433554994799 0625
-1676073103965062891 0541
-8324366952907403090 1323
-3020894579883155279 1434
-3742430208564515430 1535
4878844433554994799 0625
-1676073103965062891 0541
-898192201780886131 3544
-3020894579883155279 1434
-3742430208564515430 1535
4878844433554994799 0625
-3020894579883155279 1434
-3742430208564515430 1535
4878844433554994799 0625
-1676073103965062891 0122
308028067305651150 0437
-3020894579883155279 1434
-3742430208564515430 1535
4878844433554994799 0625
-1676073103965062891 0122
-2233365201264481512 3544
2955653069235736382 1333
-3020894579883155279 1434
-3742430208564515430 1535
4878844433554994799 0625
-1676073103965062891 0122
-2233365201264481512 3544
2955653069235736382 1323
7997976197350317519 0224
-3020894579883155279 1434
-3742430208564515430 1535
4878844433554994799 0625
-1676073103965062891 0122
-2233365201264481512 0541
-3020894579883155279 1434
-3742430208564515430 1535
4878844433554994799 0625
-1676073103965062891 0122
-2233365201264481512 3544
2955653069235736382 1323
-3020894579883155279 1434
-3742430208564515430 1535
4878844433554994799 0122
-106898854414897021 3544
1086361815031431728 0541
-3020894579883155279 1434
-3742430208564515430 1535
4878844433554994799 0625
-1676073103965062891 0122
-3020894579883155279 1434
-3742430208564515430 1535
4878844433554994799 0122
-5515327614226998460 0541
-3020894579883155279 1434
-3742430208564515430 1535
4878844433554994799 0625
-1676073103965062891 0122
-5319323637038280738 1323
-3020894579883155279 1434
-3742430208564515430 1535
2284271883471817142 3443
5881038982816318340 0122
-3935780933955912667 1121
-3020894579883155279 1434
-3742430208564515430 1535
2284271883471817142 3443
5881038982816318340 0122
-3935780933955912667 0614
-3020894579883155279 1434
-3742430208564515430 1535
2284271883471817142 3443
5881038982816318340 0122
-3020894579883155279 1434
-3742430208564515430 1535
-9015745993975287927 0426
-3020894579883155279 1434
-3742430208564515430 1535
8390402640443217423 3544
-1910574178684581510 1323
3442370263079276581 0625
-6745982753135395856 0514
5795379815664333873 1425
6396435610532245533 0113
-3020894579883155279 1434
-3742430208564515430 1535
8390402640443217423 0625
-4944487558298707320 0122
-3020894579883155279 1434
4674580289464428549 1535
7103308397859616018 0122
-4292758613104168729 1121
-1897330534944986688 0211
5655792921236555366 0625
-3020894579883155279 1434
4674580289464428549 1535
7103308397859616018 0122
-4292758613104168729 1121
-3020894579883155279 1434
4674580289464428549 1535
7103308397859616018 0122
-4292758613104168729 1121
-1483540383984014034 0437
-3020894579883155279 1434
4674580289464428549 1535
7103308397859616018 0122
-4292758613104168729 1121
-1483540383984014034 1626
-3020894579883155279 1434
4674580289464428549 1535
7103308397859616018 0122
-4292758613104168729 1121
-1483540383984014034 0426
-3020894579883155279 1434
4674580289464428549 1535
7103308397859616018 0122
-4292758613104168729 1121
-1897330534944986688 0211
-5069518428565315263 3444
-1389731786311116427 2230
-3020894579883155279 1434
4674580289464428549 1535
7103308397859616018 0122
-4292758613104168729 0625
-3020894579883155279 1434
4674580289464428549 1535
7103308397859616018 0122
-4292758613104168729 0625
-4914843035925763572 1727
-3020894579883155279 1434
4674580289464428549 1535
7103308397859616018 0122
-4292758613104168729 0625
-4914843035925763572 1727
-7783823327963656924 3544
-4201385591754106119 0415
-3020894579883155279 1434
4674580289464428549 1535
7103308397859616018 0122
-4292758613104168729 0625
-4914843035925763572 1727
-7783823327963656924 3544
-4201385591754106119 1323
-3020894579883155279 1434
4674580289464428549 1535
7103308397859616018 0122
-4292758613104168729 0625
-4914843035925763572 1727
-7783823327963656924 3544
-4201385591754106119 0437
-3020894579883155279 1434
4674580289464428549 1535
7103308397859616018 0122
-4292758613104168729 0625
-4914843035925763572 1727
-7783823327963656924 3544
-4201385591754106119 0514
-3020894579883155279 1434
4674580289464428549 1535
7103308397859616018 0122
-4292758613104168729 0532
-3020894579883155279 1434
4674580289464428549 1535
7103308397859616018 0122
-4292758613104168729 1121
-1897330534944986688 0211
5655792921236555366 0625
7969985912448628032 0514
-3020894579883155279 1434
4674580289464428549 1535
7103308397859616018 0122
-4292758613104168729 1727
-3020894579883155279 1434
4674580289464428549 1535
7103308397859616018 0122
-4292758613104168729 1323
-3020894579883155279 1333
-8454773348458170554 1232
-3020894579883155279 0122
-4544745424558567512 1535
4755302015873076169 1626
-3020894579883155279 0122
-4544745424558567512 1535
4755302015873076169 1626
-1350644656194675211 0516
-3020894579883155279 0122
-4544745424558567512 1535
-3020894579883155279 0122
-4544745424558567512 1535
-6958970317355934166 1323
-3718401364177203500 1636
-3020894579883155279 1434
-3742430208564515430 0122
-2640281458425721977 1323
-7917434708790333898 0224
-1193991763426436663 1626
-3020894579883155279 1333
6534230011237739526 0122
-3961339420311532691 2243
6530131412316758525 4322
6798288452205191865 1434
-3020894579883155279 1333
6534230011237739526 0122
-3961339420311532691 2243
6530131412316758525 4362
1131185185996581959 1434
-3020894579883155279 1333
6534230011237739526 0122
-3961339420311532691 2243
6530131412316758525 4322
6798288452205191865 0413
-3020894579883155279 1333
6534230011237739526 0122
-3961339420311532691 2243
6530131412316758525 4322
6798288452205191865 1424
-3020894579883155279 1333
6534230011237739526 0122
-3961339420311532691 2243
6530131412316758525 4322
6798288452205191865 1535
-3020894579883155279 1333
6534230011237739526 0122
-3961339420311532691 2243
6530131412316758525 4322
6798288452205191865 0224
-3020894579883155279 1333
6534230011237739526 0122
-3961339420311532691 1434
-3020894579883155279 1333
6534230011237739526 0122
-3961339420311532691 1434
1683874373795704287 3343
-7771683464842673294 0434
-3020894579883155279 1333
6534230011237739526 0122
-3961339420311532691 1434
-8623210214472046657 0224
-3020894579883155279 1333
6534230011237739526 0122
-3961339420311532691 2243
6530131412316758525 4322
6798288452205191865 0625
-3020894579883155279 1333
6534230011237739526 0122
-3961339420311532691 2243
6530131412316758525 4335
-3020894579883155279 1333
6534230011237739526 0122
-3961339420311532691 0625
-3020894579883155279 1333
6534230011237739526 0122
-3961339420311532691 0235
-3020894579883155279 1525
-3020894579883155279 1333
4557079943820513590 3344
1084608314573786990 0625
2019373240748627996 1434
4662861337767823360 0122
-1426216116198892313 2243
9136263678326579391 1131
-3020894579883155279 1333
4557079943820513590 3344
1084608314573786990 0625
2019373240748627996 1434
4662861337767823360 0122
-3220719059654261945 1020
-3020894579883155279 1333
4557079943820513590 3344
1084608314573786990 0625
2019373240748627996 1636
-3020894579883155279 1333
4557079943820513590 3344
-6886010532864659993 1434
-3020894579883155279 1333
6534230011237739526 0122
-2625349263717310718 1434
160363738610850220 2234
-8341633357604307094 0523
1961430296196541071 1525
2756403509433333088 0414
-3020894579883155279 1333
6534230011237739526 0122
-2625349263717310718 1434
-3020894579883155279 1333
6534230011237739526 0122
-2625349263717310718 1434
160363738610850220 2234
-3020894579883155279 1333
6534230011237739526 0122
-2625349263717310718 1434
160363738610850220 1525
-3020894579883155279 1333
6534230011237739526 0122
-2625349263717310718 1434
160363738610850220 1525
-7923507726837387002 0235
-3020894579883155279 1333
6534230011237739526 0122
-2625349263717310718 1434
160363738610850220 2234
-7566210065927731853 3446
-3020894579883155279 1333
6534230011237739526 0122
-2625349263717310718 1434
160363738610850220 2234
-8341633357604307094 0523
1961430296196541071 1525
2756403509433333088 3415
-3020894579883155279 1333
6534230011237739526 0122
-2625349263717310718 1434
160363738610850220 2234
2212049010538723519 3455
7556912264796007632 3343
-3020894579883155279 1333
6534230011237739526 0122
-2625349263717310718 1434
160363738610850220 2234
-8341633357604307094 3426
-3020894579883155279 1333
6534230011237739526 0122
-2625349263717310718 1434
160363738610850220 0235
-3020894579883155279 1333
6534230011237739526 0122
-2625349263717310718 1434
160363738610850220 0235
-5667708090724777963 3343
-3020894579883155279 1333
6534230011237739526 0122
-2625349263717310718 1434
160363738610850220 0235
2225353614841743040 2241
-3020894579883155279 1434
-3742430208564515430 1535
4878844433554994799 0625
-1676073103965062891 0122
-3687649557628607622 0541
3104947816264997579 4130
-3020894579883155279 1434
-3742430208564515430 1535
4878844433554994799 0625
-249768529442408654 1323
1332108984553126285 1131
-3020894579883155279 1434
-3742430208564515430 1535
4878844433554994799 0625
-1676073103965062891 0122
-3687649557628607622 0541
9090633117391574644 1333
-7570028738436880203 3343
3303863607482989310 4130
8904859367389821577 2241
-3020894579883155279 1434
-3742430208564515430 1535
4878844433554994799 0625
-1676073103965062891 0122
-3687649557628607622 0541
9090633117391574644 1333
-7570028738436880203 3343
3303863607482989310 4130
8904859367389821577 4352
-7542046174516343100 2243
-3020894579883155279 1434
-3742430208564515430 1535
4878844433554994799 0625
-1676073103965062891 0122
-3687649557628607622 0541
9090633117391574644 1333
-7570028738436880203 3343
3303863607482989310 4130
8904859367389821577 2241
-8781707131676055612 3041
2512802138316579670 1121
-3020894579883155279 1434
-3742430208564515430 1535
4878844433554994799 0625
-1676073103965062891 0122
-3687649557628607622 0541
9090633117391574644 1333
-3020894579883155279 1434
-3742430208564515430 1535
4878844433554994799 0625
-1676073103965062891 0122
-3687649557628607622 1323
-6450922821626579547 0224
-3020894579883155279 1434
-3742430208564515430 1535
4878844433554994799 0625
-1676073103965062891 0122
-3687649557628607622 1323
-3020894579883155279 1434
-3742430208564515430 1535
4878844433554994799 0625
-249768529442408654 1333
-3020894579883155279 1434
-3742430208564515430 1535
4878844433554994799 0625
-249768529442408654 1333
-5937952753704369818 2533
-1177808091532785973 3325
-3020894579883155279 1434
-3742430208564515430 1535
4878844433554994799 0625
-249768529442408654 1333
-5937952753704369818 2533
-1177808091532785973 0514
-3020894579883155279 1434
-3742430208564515430 1535
4878844433554994799 0625
-1676073103965062891 0122
-3687649557628607622 1323
-6450922821626579547 0224
-1927866221785311402 2435
3856218478454994722 3524
3917189621278577744 2333
2411017944049966181 3343
6062925577132650914 2546
-3020894579883155279 1434
-3742430208564515430 1535
4878844433554994799 0625
-1676073103965062891 0122
-3687649557628607622 1323
-6450922821626579547 0224
-1927866221785311402 2435
3856218478454994722 3524
3917189621278577744 2333
2411017944049966181 3343
-3020894579883155279 1434
-3742430208564515430 1535
4878844433554994799 0625
-1676073103965062891 0122
-3687649557628607622 1323
-6450922821626579547 0224
-1927866221785311402 2435
3856218478454994722 3524
3917189621278577744 2333
2411017944049966181 3444
-3020894579883155279 1434
-3742430208564515430 0122
6480920879709578277 1535
-6662882767665353691 0625
-5865265385003887660 1121
-3020894579883155279 1434
-3742430208564515430 1535
4878844433554994799 0122
-5515327614226998460 1323
-1266687202546927724 0614
-3020894579883155279 1434
-3742430208564515430 1535
4878844433554994799 0625
-1676073103965062891 0122
-3687649557628607622 1323
-6450922821626579547 0224
-1927866221785311402 2435
-3020894579883155279 1434
-3742430208564515430 1535
4878844433554994799 0625
-1676073103965062891 0122
-3687649557628607622 1323
-6450922821626579547 0415
-3020894579883155279 1434
-3742430208564515430 1535
4878844433554994799 0625
-1676073103965062891 0122
-3687649557628607622 1323
-6450922821626579547 0415
-853811466060904786 2333
-3020894579883155279 1434
-3742430208564515430 1535
4878844433554994799 0625
-1676073103965062891 0122
-3687649557628607622 1323
-6450922821626579547 0415
-853811466060904786 1131
-3020894579883155279 1333
6622830647700290484 0122
7806205919799365457 1434
-2755196370598113905 2234
-2612759012029203894 3455
-3020894579883155279 1333
6622830647700290484 0122
7806205919799365457 1434
-2755196370598113905 2234
-2612759012029203894 1535
-5745778008087753926 0523
-3020894579883155279 1333
6622830647700290484 0122
7806205919799365457 1434
-2755196370598113905 2234
-2612759012029203894 1535
-3020894579883155279 1333
6622830647700290484 0122
7806205919799365457 1434
-2755196370598113905 2234
-2612759012029203894 0625
8791063083754979636 0523
5329746808833014720 0235
-3020894579883155279 1333
6622830647700290484 0122
7806205919799365457 1434
-2755196370598113905 2234
-2612759012029203894 0625
-3020894579883155279 1333
6622830647700290484 1525
-3976799230469269319 3344
-8346131112145550257 1434
3335853030704459598 2534
-7820441915390128393 0122
-7871187169896292786 0625
-3494140684260169835 0213
-3020894579883155279 1333
6622830647700290484 1525
-3020894579883155279 1333
6622830647700290484 1525
-2532865981992743838 3343
-2943781056466664283 0122
-8199909203147374885 0235
-4833405654889174210 3526
-3020894579883155279 1333
6622830647700290484 0122
6909860648789791749 1434
8635664857096946132 2234
-7413807150863766849 0625
1158687032573255885 0213
-2624822856416050166 3426
-3020894579883155279 1333
6622830647700290484 0122
6909860648789791749 1434
8635664857096946132 2234
-7413807150863766849 0625
1158687032573255885 0213
-2624822856416050166 3455
-3020894579883155279 1333
6622830647700290484 0235
-3020894579883155279 1333
6622830647700290484 0122
6909860648789791749 0246
-3020894579883155279 1333
6622830647700290484 0113
-3020894579883155279 1333
6622830647700290484 0122
6909860648789791749 1434
8635664857096946132 0434
-3020894579883155279 1333
6622830647700290484 0122
6909860648789791749 1434
8635664857096946132 2234
-7413807150863766849 0625
1158687032573255885 0213
-3020894579883155279 1333
6622830647700290484 0122
6909860648789791749 1434
8635664857096946132 2234
-7413807150863766849 0625
1158687032573255885 1121
-3020894579883155279 1333
6622830647700290484 0625
-4227423915687241122 1121
3339259247673146260 0211
5801760647677886478 1424
7488551151579356236 1232
-3020894579883155279 1333
6622830647700290484 0625
-4227423915687241122 1121
3339259247673146260 0211
5801760647677886478 1424
7488551151579356236 0523
-3020894579883155279 1333
6622830647700290484 0625
-3020894579883155279 1333
6622830647700290484 0625
-4227423915687241122 0113
-3020894579883155279 1333
6622830647700290484 0625
-4227423915687241122 1121
-3020894579883155279 1333
6622830647700290484 0122
-5317574584176659959 1525
-3020894579883155279 1333
6622830647700290484 0122
6909860648789791749 1525
-3020894579883155279 1333
6622830647700290484 0122
6909860648789791749 1525
-9012065159238462009 0213
-465733173234915815 1434
4956360756562408477 2534
-2490176782677946501 3444
257074522187834131 0625
-9092207415599332375 1625
-3020894579883155279 1333
6622830647700290484 0122
6909860648789791749 1434
8635664857096946132 2234
-7413807150863766849 0625
-2480384985274254102 0213
-4304335942077002015 0523
-3935552515742325546 3426
-3020894579883155279 1333
6622830647700290484 0122
6909860648789791749 1434
8635664857096946132 2234
-7413807150863766849 0625
-2480384985274254102 0213
-4304335942077002015 0523
-3020894579883155279 1333
6622830647700290484 0122
6909860648789791749 1434
8635664857096946132 2234
-7413807150863766849 0625
-2480384985274254102 0213
-3020894579883155279 1333
6622830647700290484 0122
6909860648789791749 1434
8635664857096946132 2234
-7413807150863766849 0625
-2480384985274254102 1121
-3020894579883155279 1333
6622830647700290484 0122
6909860648789791749 1434
8635664857096946132 2234
-7413807150863766849 0625
-2480384985274254102 1232
-3020894579883155279 1333
6622830647700290484 0122
6909860648789791749 1434
8635664857096946132 2234
-7413807150863766849 0625
-2480384985274254102 0523
7313101472004136231 1222
-3020894579883155279 1333
6622830647700290484 0122
-5317574584176659959 1434
-1268974413330312473 2234
-4775161645258939721 0625
-4815431627382918439 3455
-3020894579883155279 1333
6622830647700290484 0122
-5317574584176659959 1626
-3020894579883155279 1333
6622830647700290484 0625
-4227423915687241122 1232
-3020894579883155279 1333
6622830647700290484 0625
-4227423915687241122 1232
-9202777808718786516 0122
-792521109660362260 0235
5387880153746787811 3242
-3020894579883155279 1333
6622830647700290484 0122
-5280423567941471894 1434
-3020894579883155279 1333
6622830647700290484 0122
-5317574584176659959 1434
-1268974413330312473 2234
-4504945713348000547 0625
-3020894579883155279 1333
6622830647700290484 0122
-5317574584176659959 1434
-1268974413330312473 2234
-4504945713348000547 1535
-3020894579883155279 1333
6622830647700290484 0122
-5317574584176659959 1434
-1268974413330312473 2234
-4504945713348000547 0224
-3020894579883155279 1333
6622830647700290484 0122
-5317574584176659959 1434
-1268974413330312473 2234
-4504945713348000547 0625
-6993564409265109226 1121
-3020894579883155279 1333
6622830647700290484 0122
-5317574584176659959 1434
-1268974413330312473 2234
-4504945713348000547 0625
-6993564409265109226 0224
-1090075979187306756 3422
-3020894579883155279 1333
6622830647700290484 0122
-5317574584176659959 1535
-3020894579883155279 1333
6622830647700290484 0627
-3020894579883155279 1333
6622830647700290484 1121
-3020894579883155279 1333
6622830647700290484 0122
7806205919799365457 1434
-2755196370598113905 2234
-5464559065033926917 0625
6139891544911923666 3455
-3020894579883155279 1333
6622830647700290484 0122
7806205919799365457 1434
-2755196370598113905 2234
-5464559065033926917 0625
6139891544911923666 3422
-3020894579883155279 1333
6622830647700290484 0122
7806205919799365457 1434
-2755196370598113905 2234
-5464559065033926917 0625
6139891544911923666 3426
-3020894579883155279 1333
6622830647700290484 0122
7806205919799365457 1434
-2755196370598113905 2234
-5464559065033926917 0625
6139891544911923666 3446
4615688128455762848 0541
4260717049263655819 4627
7875700907508154433 2544
-3020894579883155279 1333
6622830647700290484 0122
7806205919799365457 1434
-2755196370598113905 2234
-5464559065033926917 0625
6139891544911923666 3446
4615688128455762848 0541
4260717049263655819 4627
7875700907508154433 4152
2518098366173791782 2544
-7197553224744665216 0246
-3020894579883155279 1333
6622830647700290484 1232
-3020894579883155279 1333
6622830647700290484 1727
-3020894579883155279 1333
6622830647700290484 0122
6909860648789791749 1434
8635664857096946132 2234
-3020894579883155279 1333
6622830647700290484 0122
6909860648789791749 1434
8635664857096946132 2234
-7413807150863766849 0625
-3020894579883155279 1333
6622830647700290484 0122
6909860648789791749 1434
8635664857096946132 1525
-3020894579883155279 1333
6622830647700290484 1434
-1713309352251075835 0122
-3020894579883155279 1333
6622830647700290484 0122
6909860648789791749 1434
8635664857096946132 2234
-7413807150863766849 0625
3753250425312780287 0541
5201573342081283822 1232
-3020894579883155279 1333
6622830647700290484 0122
6909860648789791749 1434
8635664857096946132 2234
-7413807150863766849 0625
3753250425312780287 0541
-3020894579883155279 1333
6622830647700290484 0122
6909860648789791749 1434
8635664857096946132 2234
-7413807150863766849 0625
3753250425312780287 1020
-3020894579883155279 1333
6622830647700290484 0122
6909860648789791749 1434
8635664857096946132 2234
-7413807150863766849 0625
3753250425312780287 1232
-3020894579883155279 1333
6622830647700290484 0122
6909860648789791749 1434
8635664857096946132 2234
-7413807150863766849 0625
3753250425312780287 0523
-3020894579883155279 1333
6622830647700290484 0122
6909860648789791749 1434
8635664857096946132 2234
-7413807150863766849 0625
3753250425312780287 0001
-3020894579883155279 1333
6622830647700290484 0122
6909860648789791749 1434
8635664857096946132 2234
-7413807150863766849 0625
3753250425312780287 0213
-3020894579883155279 1333
6622830647700290484 0122
6909860648789791749 1434
8635664857096946132 2234
-7413807150863766849 0625
3753250425312780287 0541
5201573342081283822 1232
-8606453013116472898 3343
-1914225107219091814 3243
-4606602055143222731 0413
-3020894579883155279 1333
6622830647700290484 0122
6909860648789791749 1434
8635664857096946132 2234
-7413807150863766849 0625
3753250425312780287 1121
-3020894579883155279 1333
6622830647700290484 0122
-6949810600130918878 3343
-3020894579883155279 1333
6622830647700290484 0122
-6949810600130918878 0625
-3020894579883155279 1333
6622830647700290484 0122
7806205919799365457 0246
-3020894579883155279 1333
6622830647700290484 0122
4783804147955915574 1535
-3020894579883155279 1333
6622830647700290484 0122
4783804147955915574 1434
-3020894579883155279 1333
6622830647700290484 0122
4783804147955915574 1424
-3020894579883155279 1333
6622830647700290484 0122
4783804147955915574 1121
-3020894579883155279 1333
6622830647700290484 0122
4783804147955915574 1525
-3020894579883155279 1333
6622830647700290484 0122
4783804147955915574 0625
-3020894579883155279 1333
6622830647700290484 0122
7806205919799365457 1434
-3020894579883155279 1333
6622830647700290484 0122
-5317574584176659959 1434
-1268974413330312473 2234
3332857165928218043 0625
-4815431627382918439 3446
-4300939150207131603 4654
-3020894579883155279 1333
6622830647700290484 0122
-5317574584176659959 1434
-1268974413330312473 2234
3332857165928218043 0625
2247374561826302261 0523
2889994705456399219 0213
-3020894579883155279 1333
6622830647700290484 0122
-5317574584176659959 1434
-1268974413330312473 2234
3332857165928218043 0625
2247374561826302261 0523
-3020894579883155279 1333
6622830647700290484 0122
-5317574584176659959 1434
-1268974413330312473 2234
3332857165928218043 0625
2247374561826302261 0523
2889994705456399219 0414
-3020894579883155279 1333
6622830647700290484 0122
-5317574584176659959 1434
-1268974413330312473 2234
3332857165928218043 0625
2247374561826302261 3446
-7847832147964635358 0523
-670124618730805180 2356
-3020894579883155279 1333
6622830647700290484 0122
-5317574584176659959 1434
-1268974413330312473 2234
3332857165928218043 0625
-3020894579883155279 1333
6622830647700290484 0122
-5317574584176659959 1434
-1268974413330312473 2234
3332857165928218043 3446
-3020894579883155279 1333
6622830647700290484 0122
-5317574584176659959 1434
-1268974413330312473 2234
-4775161645258939721 0625
-8926576636237282724 3343
-3020894579883155279 1333
6622830647700290484 0122
6909860648789791749 1434
8635664857096946132 2234
-7413807150863766849 1222
-3020894579883155279 1333
6622830647700290484 0122
6909860648789791749 1434
8635664857096946132 2234
-7413807150863766849 1222
-7530226564876156063 0246
-3020894579883155279 1333
6622830647700290484 0122
6909860648789791749 1434
8635664857096946132 2234
-7413807150863766849 0625
1158687032573255885 0541
501836559715357350 0424
-3020894579883155279 1333
6622830647700290484 0122
6909860648789791749 1434
8635664857096946132 2234
-7413807150863766849 0625
1158687032573255885 0541
-3020894579883155279 1333
6622830647700290484 0122
6909860648789791749 1434
8635664857096946132 2234
-7413807150863766849 0625
1158687032573255885 0541
567831294442097412 0414
-3020894579883155279 1333
6622830647700290484 0122
6909860648789791749 1434
8635664857096946132 2234
-7413807150863766849 0625
1158687032573255885 0541
501836559715357350 0414
-3020894579883155279 1333
6622830647700290484 0122
6909860648789791749 1434
8635664857096946132 2234
-7413807150863766849 0625
1158687032573255885 0541
501836559715357350 0246
-3020894579883155279 1333
6622830647700290484 0122
6909860648789791749 1434
8635664857096946132 2234
-7413807150863766849 0625
1670070572881190251 0213
-3020894579883155279 1333
6622830647700290484 0122
6909860648789791749 1434
8635664857096946132 2234
-7413807150863766849 0625
1670070572881190251 0523
-2484721452240551991 1131
-3020894579883155279 1333
6622830647700290484 0122
6909860648789791749 1434
8635664857096946132 2234
-7413807150863766849 0625
1670070572881190251 0523
-2484721452240551991 1131
6992233460710231630 3442
1108615614827257275 3141
-3020894579883155279 1333
6622830647700290484 0122
6909860648789791749 1434
8635664857096946132 2234
-7413807150863766849 0625
1670070572881190251 0523
-2484721452240551991 0414
-3020894579883155279 1333
6622830647700290484 0122
6909860648789791749 1434
8635664857096946132 2234
-7413807150863766849 0625
1670070572881190251 0523
-2484721452240551991 1222
-3020894579883155279 1333
6622830647700290484 0122
6909860648789791749 1434
8635664857096946132 2234
-7413807150863766849 0625
1670070572881190251 1121
-3020894579883155279 1333
6622830647700290484 0122
6909860648789791749 1434
8635664857096946132 2234
-7413807150863766849 0625
1670070572881190251 1131
-3020894579883155279 1333
6622830647700290484 0122
6909860648789791749 1434
8635664857096946132 2234
-7413807150863766849 0625
1670070572881190251 1232
-3020894579883155279 1333
6622830647700290484 0122
6909860648789791749 1434
8635664857096946132 2234
-7413807150863766849 0625
1670070572881190251 1232
-7046076517555479215 0523
5486703130911050796 0422
-3020894579883155279 1333
6622830647700290484 0122
6909860648789791749 1434
8635664857096946132 2234
-7413807150863766849 0625
1670070572881190251 0246
-3020894579883155279 1333
6622830647700290484 0122
-5317574584176659959 1434
-1268974413330312473 1525
-3020894579883155279 1333
6622830647700290484 1434
-1713309352251075835 1525
-3020894579883155279 1333
6622830647700290484 1434
-1713309352251075835 1525
1925638419764482220 2535
-3020894579883155279 1333
6622830647700290484 1626
-3020894579883155279 1333
6622830647700290484 0122
6909860648789791749 1434
8635664857096946132 2234
-7413807150863766849 0625
1670070572881190251 0235
-3020894579883155279 1333
6622830647700290484 0122
6909860648789791749 1434
8635664857096946132 2234
-7413807150863766849 0625
1670070572881190251 0235
-5391940480862037229 0523
-3020894579883155279 1333
6622830647700290484 1535
-3020894579883155279 1333
6622830647700290484 0122
6909860648789791749 1434
8635664857096946132 2234
-7413807150863766849 0625
1670070572881190251 0235
-5391940480862037229 0523
-4753411077947508482 0413
-3020894579883155279 1333
6622830647700290484 0122
6909860648789791749 1434
8635664857096946132 2234
-7413807150863766849 0625
-4415762279972900522 0246
-3020894579883155279 1333
6622830647700290484 0122
-5317574584176659959 1636
-3020894579883155279 1333
6622830647700290484 1636
-3020894579883155279 1333
6622830647700290484 1636
1836505239242713227 0516
-3020894579883155279 1333
6622830647700290484 0122
6909860648789791749 1636
-3020894579883155279 1333
6622830647700290484 1636
1836505239242713227 1727
-3020894579883155279 1434
-3742430208564515430 1535
8600411874697977395 0122
728842040959869979 0625
-4805729179659235001 1737
-3020894579883155279 1434
-3742430208564515430 1535
8600411874697977395 0122
728842040959869979 0625
-4805729179659235001 1323
-3020894579883155279 1434
-3742430208564515430 1535
8600411874697977395 0122
728842040959869979 0541
-3020894579883155279 1434
-3742430208564515430 1535
8600411874697977395 0122
728842040959869979 0614
-3020894579883155279 1434
-3742430208564515430 1535
8600411874697977395 0122
728842040959869979 0625
-5828093527038108043 3545
-3020894579883155279 1434
-3742430208564515430 1535
8600411874697977395 0122
728842040959869979 0625
-4805729179659235001 1737
-4421711657972941158 2230
-3020894579883155279 1434
-3742430208564515430 1535
8600411874697977395 0122
728842040959869979 0625
-4805729179659235001 1737
-4421711657972941158 1323
-3020894579883155279 1434
-3742430208564515430 1535
8600411874697977395 0122
728842040959869979 0625
-4805729179659235001 1737
-4421711657972941158 2243
-3020894579883155279 1434
-3742430208564515430 1535
8600411874697977395 0122
728842040959869979 0625
-4805729179659235001 1737
-4421711657972941158 2243
1803915307778983696 1222
3874685090378148327 1333
-3020894579883155279 1434
-3742430208564515430 1535
8600411874697977395 3544
-3020894579883155279 1434
-3742430208564515430 1535
8600411874697977395 0122
728842040959869979 1323
-7679192167148892256 3544
9076159985535981623 0625
-3020894579883155279 1434
-3742430208564515430 1535
8600411874697977395 0122
728842040959869979 0625
-4805729179659235001 1333
-8161151631372720198 3343
-3020894579883155279 1434
-3742430208564515430 1535
8600411874697977395 0122
728842040959869979 0625
-4805729179659235001 1333
-3020894579883155279 1434
-3742430208564515430 1535
8600411874697977395 0122
-3020894579883155279 1434
-3742430208564515430 1535
8600411874697977395 0122
728842040959869979 1323
-3020894579883155279 1434
-3742430208564515430 1535
8600411874697977395 0625
-1892781453499273826 1333
-3020894579883155279 1434
-3742430208564515430 1535
8600411874697977395 0122
728842040959869979 0625
-3020894579883155279 1333
6534230011237739526 0122
-2625349263717310718 0246
4874247060419501239 1525
-3020894579883155279 1333
6534230011237739526 0122
-2625349263717310718 0246
-9022311279770489188 4637
-3020894579883155279 1333
6534230011237739526 0122
-2625349263717310718 0246
-9022311279770489188 4655
-3020894579883155279 1333
6534230011237739526 0122
-2625349263717310718 0246
-9022311279770489188 4655
150147081708434739 0625
-3020894579883155279 1333
6534230011237739526 0122
-2625349263717310718 0246
-3020894579883155279 1333
6534230011237739526 0122
-2625349263717310718 0246
-9022311279770489188 4637
-8973226472448086141 1424
-3020894579883155279 1333
6534230011237739526 0122
-2625349263717310718 0246
-9022311279770489188 4637
-8973226472448086141 3755
-3020894579883155279 1333
6534230011237739526 0122
-2625349263717310718 0246
-9022311279770489188 4637
-8973226472448086141 1424
-6147508031290137020 1535
-3020894579883155279 1333
6534230011237739526 0122
-2625349263717310718 0246
-9022311279770489188 4637
-8973226472448086141 1434
-3020894579883155279 1333
6534230011237739526 0122
-2625349263717310718 0246
-9022311279770489188 4637
2293099888433320475 1525
-3020894579883155279 1333
6534230011237739526 0122
-2625349263717310718 0246
-9022311279770489188 4637
2293099888433320475 3755
1561552625579934026 1434
-3020894579883155279 1333
6534230011237739526 0122
-2625349263717310718 0246
-9022311279770489188 4637
2293099888433320475 1535
-3020894579883155279 1333
6534230011237739526 0122
-2625349263717310718 0246
-9022311279770489188 4637
-8973226472448086141 0625
-3020894579883155279 1333
6534230011237739526 0122
-2625349263717310718 0246
-9022311279770489188 4637
-8973226472448086141 0413
-3020894579883155279 1333
6534230011237739526 0122
-2625349263717310718 0246
-5212582872462323553 3342
-3020894579883155279 1333
6534230011237739526 0122
-2625349263717310718 0246
-5212582872462323553 0625
-3020894579883155279 1333
6534230011237739526 0122
-2625349263717310718 0246
-5212582872462323553 4655
-3020894579883155279 1333
6534230011237739526 0122
-2625349263717310718 0246
-5212582872462323553 1434
-3020894579883155279 1434
4674580289464428549 1232
-3020894579883155279 1434
-3742430208564515430 1535
4878844433554994799 0625
6306215383808048016 3544
7499476053254376765 0122
-3303723922929198566 1121
-3020894579883155279 1434
-3742430208564515430 1535
4878844433554994799 0625
6306215383808048016 3544
7499476053254376765 0122
-3020894579883155279 1333
6534230011237739526 0122
-2625349263717310718 0625
-3020894579883155279 1333
6534230011237739526 0122
-2625349263717310718 0625
-6110970588088379215 1434
7949588371029298609 2544
-3020894579883155279 1434
4674580289464428549 0122
-8936895324615937461 0541
-3020894579883155279 1434
4674580289464428549 0122
-8936895324615937461 0541
-8857181161095846196 1323
1778348426610945302 3444
-3020894579883155279 1434
4674580289464428549 0122
1355929651567334922 0541
-3020894579883155279 1434
4674580289464428549 0541
-1970476888550151553 1333
-3020894579883155279 1434
4674580289464428549 0541
-4134291298038130319 4130
-3020894579883155279 1434
4674580289464428549 0541
-3020894579883155279 1434
4674580289464428549 0541
-3961646928118136510 3444
-1743832757064676533 0625
-3020894579883155279 1434
4674580289464428549 0541
-4134291298038130319 1030
-3020894579883155279 0625
-3020894579883155279 0625
-1885056316726219241 0122
6025243677356989058 1434
-3020894579883155279 0625
-8842484968898525108 0122
4169592362169031488 1434
2259157847109049971 2234
-3020894579883155279 1333
6534230011237739526 0625
-3020894579883155279 1333
6534230011237739526 0625
-122084910049597122 1121
-3020894579883155279 1333
6534230011237739526 0625
-3665923396640686577 1232
-3020894579883155279 1333
6534230011237739526 0625
1213905246544624851 1121
-3020894579883155279 1333
6534230011237739526 0625
-122084910049597122 0235
-3020894579883155279 1333
6534230011237739526 0625
-122084910049597122 0235
-8448216885254807532 0440
-7215953073152710042 3526
-5332911500581556522 0122
-5272211513085582724 2243
-3020894579883155279 1333
6534230011237739526 0625
1213905246544624851 1232
-3020894579883155279 1333
6534230011237739526 0625
-122084910049597122 1232
-3020894579883155279 1333
6534230011237739526 0625
-122084910049597122 1232
4969740351036201168 3243
7509453354406377543 0122
-8797160526553331577 0413
-3020894579883155279 1333
6534230011237739526 0625
-122084910049597122 1232
4969740351036201168 3243
7509453354406377543 1424
-3020894579883155279 1333
6534230011237739526 0625
-122084910049597122 1232
4969740351036201168 3243
7509453354406377543 0422
-3020894579883155279 1333
6534230011237739526 0625
1213905246544624851 1232
-2314553633405538211 0122
-3020894579883155279 0122
7891537509613693805 1424
-5452265448588175292 1333
-3020894579883155279 0122
7891537509613693805 1333
-3020894579883155279 0122
2830291809926950619 1626
-3020894579883155279 0122
-4544745424558567512 1424
-3020894579883155279 0122
2830291809926950619 1323
-3020894579883155279 0122
-4544745424558567512 0625
-3020894579883155279 0122
-4544745424558567512 1636
-3020894579883155279 0122
-4544745424558567512 1333
